GEN, BEST_TIME, BEST_SCORE
0, 201, 10
1, 201, 10
2, 201, 10
3, 201, 10
4, 201, 10
5, 201, 10
6, 201, 10
7, 201, 10
8, 201, 10
9, 201, 10
10, 201, 10
11, 201, 10
12, 201, 10
13, 201, 10
14, 201, 10
15, 201, 10
16, 201, 10
17, 201, 10
18, 201, 10
19, 201, 10
20, 201, 10
21, 201, 10
22, 201, 10
23, 201, 10
24, 201, 10
25, 201, 10
26, 201, 10
27, 201, 10
28, 201, 10
29, 201, 10
30, 201, 10
31, 201, 13
32, 201, 13
33, 201, 13
34, 201, 13
35, 201, 13
36, 201, 13
37, 201, 13
38, 201, 13
39, 201, 13
40, 201, 13
41, 201, 13
42, 201, 13
43, 201, 13
44, 201, 13
45, 201, 13
46, 201, 13
47, 201, 13
48, 201, 13
49, 201, 13
50, 201, 13
51, 201, 13
52, 201, 13
53, 201, 13
54, 201, 13
55, 201, 13
56, 201, 13
57, 201, 13
58, 201, 13
59, 201, 13
60, 201, 13
61, 201, 13
62, 201, 13
63, 201, 13
64, 201, 13
65, 201, 13
66, 201, 13
67, 201, 13
68, 201, 13
69, 201, 13
70, 201, 13
71, 201, 13
72, 201, 13
73, 201, 13
74, 201, 13
75, 201, 13
76, 201, 13
77, 201, 13
78, 201, 13
79, 201, 13
80, 201, 13
81, 201, 13
82, 201, 13
83, 201, 13
84, 201, 13
85, 201, 13
86, 201, 13
87, 201, 13
88, 201, 13
89, 201, 13
90, 201, 13
91, 201, 13
92, 201, 13
93, 201, 13
94, 201, 13
95, 201, 13
96, 201, 13
97, 201, 13
98, 201, 13
99, 201, 13
100, 201, 13
101, 201, 13
102, 201, 13
103, 201, 13
104, 201, 13
105, 201, 13
106, 201, 13
107, 201, 13
108, 201, 13
109, 201, 13
110, 201, 13
111, 201, 13
112, 201, 13
113, 201, 13
114, 201, 13
115, 201, 13
116, 201, 13
117, 201, 13
118, 201, 13
119, 201, 13
120, 201, 13
121, 201, 13
122, 201, 13
123, 201, 13
124, 201, 13
125, 201, 13
126, 201, 13
127, 201, 13
128, 201, 13
129, 201, 13
130, 201, 13
131, 201, 13
132, 201, 13
133, 201, 13
134, 201, 13
135, 201, 13
136, 201, 13
137, 201, 13
138, 201, 13
139, 201, 13
140, 201, 16
141, 201, 16
142, 201, 16
143, 201, 16
144, 201, 16
145, 193, 25
146, 193, 25
147, 193, 25
148, 193, 25
149, 193, 25
150, 193, 25
151, 193, 25
152, 193, 25
153, 193, 25
154, 193, 25
155, 193, 25
156, 193, 25
157, 193, 25
158, 193, 25
159, 193, 25
160, 193, 25
161, 193, 25
162, 193, 25
163, 193, 25
164, 193, 25
165, 193, 25
166, 193, 25
167, 193, 25
168, 193, 25
169, 193, 25
170, 193, 25
171, 193, 25
172, 193, 25
173, 193, 25
174, 193, 25
175, 193, 25
176, 193, 25
177, 193, 25
178, 193, 25
179, 193, 25
180, 193, 25
181, 193, 25
182, 193, 25
183, 193, 25
184, 193, 25
185, 193, 25
186, 193, 25
187, 193, 25
188, 193, 25
189, 193, 25
190, 193, 25
191, 193, 25
192, 193, 25
193, 193, 25
194, 193, 25
195, 193, 25
196, 193, 25
197, 193, 25
198, 193, 25
199, 193, 25
200, 193, 25
201, 193, 25
202, 193, 25
203, 193, 25
204, 193, 25
205, 193, 25
206, 193, 25
207, 193, 25
208, 193, 25
209, 193, 25
210, 193, 25
211, 193, 25
212, 193, 25
213, 193, 25
214, 193, 25
215, 193, 25
216, 193, 25
217, 193, 25
218, 193, 25
219, 193, 25
220, 193, 25
221, 193, 25
222, 193, 25
223, 193, 25
224, 193, 25
225, 193, 25
226, 193, 25
227, 193, 25
228, 193, 25
229, 193, 25
230, 193, 25
231, 193, 25
232, 193, 25
233, 193, 25
234, 193, 25
235, 193, 25
236, 193, 25
237, 193, 25
238, 193, 25
239, 193, 25
240, 193, 25
241, 193, 25
242, 193, 25
243, 193, 25
244, 193, 25
245, 193, 25
246, 193, 25
247, 193, 25
248, 193, 25
249, 193, 25
250, 193, 25
251, 193, 25
252, 193, 25
253, 193, 25
254, 193, 25
255, 193, 25
256, 193, 25
257, 193, 25
258, 193, 25
259, 193, 25
260, 193, 25
261, 193, 25
262, 193, 25
263, 193, 25
264, 193, 25
265, 193, 25
266, 193, 25
267, 193, 25
268, 193, 25
269, 193, 25
270, 193, 25
271, 193, 25
272, 193, 25
273, 193, 25
274, 193, 25
275, 193, 25
276, 193, 25
277, 193, 25
278, 193, 25
279, 193, 25
280, 193, 25
281, 193, 25
282, 193, 25
283, 193, 25
284, 193, 25
285, 193, 25
286, 193, 25
287, 193, 25
288, 193, 25
289, 193, 25
290, 193, 25
291, 193, 25
292, 193, 25
293, 193, 25
294, 193, 25
295, 193, 25
296, 193, 25
297, 193, 25
298, 193, 25
299, 193, 25
300, 193, 25
301, 193, 25
302, 193, 25
303, 193, 25
304, 193, 25
305, 193, 25
306, 193, 25
307, 193, 25
308, 193, 25
309, 193, 25
310, 193, 25
311, 193, 25
312, 193, 25
313, 193, 25
314, 193, 25
315, 193, 25
316, 193, 25
317, 193, 25
318, 193, 25
319, 193, 25
320, 193, 25
321, 193, 25
322, 193, 25
323, 193, 25
324, 193, 25
325, 193, 25
326, 193, 25
327, 193, 25
328, 193, 25
329, 193, 25
330, 193, 25
331, 193, 25
332, 193, 25
333, 193, 25
334, 193, 25
335, 193, 25
336, 193, 25
337, 193, 25
338, 193, 25
339, 193, 25
340, 193, 25
341, 193, 25
342, 193, 25
343, 193, 25
344, 193, 25
345, 193, 25
346, 193, 25
347, 193, 25
348, 193, 25
349, 193, 25
350, 193, 25
351, 193, 25
352, 193, 25
353, 193, 25
354, 193, 25
355, 193, 25
356, 193, 25
357, 193, 25
358, 193, 25
359, 193, 25
360, 193, 25
361, 193, 25
362, 193, 25
363, 193, 25
364, 193, 25
365, 193, 25
366, 193, 25
367, 193, 25
368, 193, 25
369, 193, 25
370, 193, 25
371, 193, 25
372, 193, 25
373, 193, 25
374, 193, 25
375, 193, 25
376, 193, 25
377, 193, 25
378, 193, 25
379, 193, 25
380, 193, 25
381, 193, 25
382, 193, 25
383, 193, 25
384, 193, 25
385, 193, 25
386, 193, 25
387, 193, 25
388, 193, 25
389, 193, 25
390, 193, 25
391, 193, 25
392, 193, 25
393, 193, 25
394, 193, 25
395, 193, 25
396, 193, 25
397, 193, 25
398, 193, 25
399, 193, 25
400, 193, 25
401, 193, 25
402, 193, 25
403, 193, 25
404, 193, 25
405, 193, 25
406, 193, 25
407, 193, 25
408, 193, 25
409, 193, 25
410, 193, 25
411, 193, 25
412, 193, 25
413, 193, 25
414, 193, 25
415, 193, 25
416, 193, 25
417, 193, 25
418, 193, 25
419, 193, 25
420, 193, 25
421, 193, 25
422, 193, 25
423, 193, 25
424, 193, 25
425, 193, 25
426, 193, 25
427, 193, 25
428, 193, 25
429, 193, 25
430, 193, 25
431, 193, 25
432, 193, 25
433, 193, 25
434, 193, 25
435, 193, 25
436, 193, 25
437, 193, 25
438, 193, 25
439, 193, 25
440, 193, 25
441, 193, 25
442, 193, 25
443, 193, 25
444, 193, 25
445, 193, 25
446, 193, 25
447, 193, 25
448, 193, 25
449, 193, 25
450, 193, 25
451, 193, 25
452, 193, 25
453, 193, 25
454, 193, 25
455, 193, 25
456, 193, 25
457, 193, 25
458, 193, 25
459, 193, 25
460, 193, 25
461, 193, 25
462, 193, 25
463, 193, 25
464, 193, 25
465, 193, 25
466, 193, 25
467, 193, 25
468, 193, 25
469, 193, 25
470, 193, 25
471, 193, 25
472, 193, 25
473, 193, 25
474, 193, 25
475, 193, 25
476, 193, 25
477, 193, 25
478, 193, 25
479, 193, 25
480, 193, 25
481, 193, 25
482, 193, 25
483, 193, 25
484, 193, 25
485, 193, 25
486, 193, 25
487, 193, 25
488, 193, 25
489, 193, 25
490, 193, 25
491, 193, 25
492, 193, 25
493, 193, 25
494, 193, 25
495, 193, 25
496, 193, 25
497, 193, 25
498, 193, 25
499, 193, 25
500, 193, 25
501, 193, 25
502, 193, 25
503, 193, 25
504, 193, 25
505, 193, 25
506, 193, 25
507, 193, 25
508, 193, 25
509, 193, 25
510, 193, 25
511, 193, 25
512, 193, 25
513, 193, 25
514, 193, 25
515, 193, 25
516, 193, 25
517, 193, 25
518, 193, 25
519, 193, 25
520, 193, 25
521, 193, 25
522, 193, 25
523, 193, 25
524, 193, 25
525, 193, 25
526, 193, 25
527, 193, 25
528, 193, 25
529, 193, 25
530, 193, 25
531, 193, 25
532, 193, 25
533, 193, 25
534, 193, 25
535, 193, 25
536, 193, 25
537, 193, 25
538, 193, 25
539, 193, 25
540, 193, 25
541, 193, 25
542, 193, 25
543, 193, 25
544, 193, 25
545, 193, 25
546, 193, 25
547, 193, 25
548, 193, 25
549, 193, 25
550, 193, 25
551, 193, 25
552, 193, 25
553, 193, 25
554, 193, 25
555, 193, 25
556, 193, 25
557, 193, 25
558, 193, 25
559, 193, 25
560, 193, 25
561, 193, 25
562, 193, 25
563, 193, 25
564, 193, 25
565, 193, 25
566, 193, 25
567, 193, 25
568, 193, 25
569, 193, 25
570, 193, 25
571, 193, 25
572, 193, 25
573, 193, 25
574, 193, 25
575, 193, 25
576, 193, 25
577, 193, 25
578, 193, 25
579, 193, 25
580, 193, 25
581, 193, 25
582, 193, 25
583, 193, 25
584, 193, 25
585, 193, 25
586, 193, 25
587, 193, 25
588, 193, 25
589, 193, 25
590, 193, 25
591, 193, 25
592, 193, 25
593, 193, 25
594, 193, 25
595, 193, 25
596, 193, 25
597, 193, 25
598, 193, 25
599, 193, 25
600, 193, 25
601, 193, 25
602, 193, 25
603, 193, 25
604, 193, 25
605, 193, 25
606, 193, 25
607, 193, 25
608, 193, 25
609, 193, 25
610, 193, 25
611, 193, 25
612, 193, 25
613, 193, 25
614, 193, 25
615, 193, 25
616, 193, 25
617, 193, 25
618, 193, 25
619, 193, 25
620, 193, 25
621, 193, 25
622, 193, 25
623, 193, 25
624, 193, 25
625, 193, 25
626, 193, 25
627, 193, 25
628, 193, 25
629, 193, 25
630, 193, 25
631, 193, 25
632, 193, 25
633, 193, 25
634, 193, 25
635, 193, 25
636, 193, 25
637, 193, 25
638, 193, 25
639, 193, 25
640, 193, 25
641, 193, 25
642, 193, 25
643, 193, 25
644, 193, 25
645, 193, 25
646, 193, 25
647, 193, 25
648, 193, 25
649, 193, 25
650, 193, 25
651, 193, 25
652, 193, 25
653, 193, 25
654, 193, 25
655, 193, 25
656, 193, 25
657, 193, 25
658, 193, 25
659, 193, 25
660, 193, 25
661, 193, 25
662, 193, 25
663, 193, 25
664, 193, 25
665, 193, 25
666, 193, 25
667, 193, 25
668, 193, 25
669, 193, 25
670, 193, 25
671, 193, 25
672, 193, 25
673, 193, 25
674, 193, 25
675, 193, 25
676, 193, 25
677, 193, 25
678, 193, 25
679, 193, 25
680, 193, 25
681, 193, 25
682, 193, 25
683, 193, 25
684, 193, 25
685, 193, 25
686, 193, 25
687, 193, 25
688, 193, 25
689, 193, 25
690, 193, 25
691, 193, 25
692, 193, 25
693, 193, 25
694, 193, 25
695, 193, 25
696, 193, 25
697, 193, 25
698, 193, 25
699, 193, 25
700, 193, 25
701, 193, 25
702, 193, 25
703, 193, 25
704, 193, 25
705, 193, 25
706, 193, 25
707, 193, 25
708, 193, 25
709, 193, 25
710, 193, 25
711, 193, 25
712, 193, 25
713, 193, 25
714, 193, 25
715, 193, 25
716, 193, 25
717, 193, 25
718, 193, 25
719, 193, 25
720, 193, 25
721, 193, 25
722, 193, 25
723, 193, 25
724, 193, 25
725, 193, 25
726, 193, 25
727, 193, 25
728, 193, 25
729, 193, 25
730, 193, 25
731, 193, 25
732, 193, 25
733, 193, 25
734, 193, 25
735, 193, 25
736, 193, 25
737, 193, 25
738, 193, 25
739, 193, 25
740, 193, 25
741, 193, 25
742, 193, 25
743, 193, 25
744, 193, 25
745, 193, 25
746, 193, 25
747, 193, 25
748, 193, 25
749, 193, 25
750, 193, 25
751, 193, 25
752, 193, 25
753, 193, 25
754, 193, 25
755, 193, 25
756, 193, 25
757, 193, 25
758, 193, 25
759, 193, 25
760, 193, 25
761, 193, 25
762, 193, 25
763, 193, 25
764, 193, 25
765, 193, 25
766, 193, 25
767, 193, 25
768, 193, 25
769, 193, 25
770, 193, 25
771, 193, 25
772, 193, 25
773, 193, 25
774, 193, 25
775, 193, 25
776, 193, 25
777, 193, 25
778, 193, 25
779, 193, 25
780, 193, 25
781, 193, 25
782, 193, 25
783, 193, 25
784, 193, 25
785, 193, 25
786, 193, 25
787, 193, 25
788, 193, 25
789, 193, 25
790, 193, 25
791, 193, 25
792, 193, 25
793, 193, 25
794, 193, 25
795, 193, 25
796, 193, 25
797, 193, 25
798, 193, 25
799, 193, 25
800, 193, 25
801, 193, 25
802, 193, 25
803, 193, 25
804, 193, 25
805, 193, 25
806, 193, 25
807, 193, 25
808, 193, 25
809, 193, 25
810, 193, 25
811, 193, 25
812, 193, 25
813, 193, 25
814, 193, 25
815, 193, 25
816, 193, 25
817, 193, 25
818, 193, 25
819, 193, 25
820, 193, 25
821, 193, 25
822, 193, 25
823, 193, 25
824, 193, 25
825, 193, 25
826, 193, 25
827, 193, 25
828, 193, 25
829, 193, 25
830, 193, 25
831, 193, 25
832, 193, 25
833, 193, 25
834, 193, 25
835, 193, 25
836, 193, 25
837, 193, 25
838, 193, 25
839, 193, 25
840, 193, 25
841, 193, 25
842, 193, 25
843, 193, 25
844, 193, 25
845, 193, 25
846, 193, 25
847, 193, 25
848, 193, 25
849, 193, 25
850, 193, 25
851, 193, 25
852, 193, 25
853, 193, 25
854, 193, 25
855, 193, 25
856, 193, 25
857, 193, 25
858, 193, 25
859, 193, 25
860, 193, 25
861, 193, 25
862, 193, 25
863, 193, 25
864, 193, 25
865, 193, 25
866, 193, 25
867, 193, 25
868, 193, 25
869, 193, 25
870, 193, 25
871, 193, 25
872, 193, 25
873, 193, 25
874, 193, 25
875, 193, 25
876, 193, 25
877, 193, 25
878, 193, 25
879, 193, 25
880, 193, 25
881, 193, 25
882, 193, 25
883, 193, 25
884, 193, 25
885, 193, 25
886, 193, 25
887, 193, 25
888, 193, 25
889, 193, 25
890, 193, 25
891, 193, 25
892, 193, 25
893, 193, 25
894, 193, 25
895, 193, 25
896, 193, 25
897, 193, 25
898, 193, 25
899, 193, 25
900, 193, 25
901, 193, 25
902, 193, 25
903, 193, 25
904, 193, 25
905, 193, 25
906, 193, 25
907, 193, 25
908, 193, 25
909, 193, 25
910, 193, 25
911, 193, 25
912, 193, 25
913, 193, 25
914, 193, 25
915, 193, 25
916, 193, 25
917, 193, 25
918, 193, 25
919, 193, 25
920, 193, 25
921, 193, 25
922, 193, 25
923, 193, 25
924, 193, 25
925, 193, 25
926, 193, 25
927, 193, 25
928, 193, 25
929, 193, 25
930, 193, 25
931, 193, 25
932, 193, 25
933, 193, 25
934, 193, 25
935, 193, 25
936, 193, 25
937, 193, 25
938, 193, 25
939, 193, 25
940, 193, 25
941, 193, 25
942, 193, 25
943, 193, 25
944, 193, 25
945, 193, 25
946, 193, 25
947, 193, 25
948, 193, 25
949, 193, 25
950, 193, 25
951, 193, 25
952, 193, 25
953, 193, 25
954, 193, 25
955, 193, 25
956, 193, 25
957, 193, 25
958, 193, 25
959, 193, 25
960, 193, 25
961, 193, 25
962, 193, 25
963, 193, 25
964, 193, 25
965, 193, 25
966, 193, 25
967, 193, 25
968, 193, 25
969, 193, 25
970, 193, 25
971, 193, 25
972, 193, 25
973, 193, 25
974, 193, 25
975, 193, 25
976, 193, 25
977, 193, 25
978, 193, 25
979, 193, 25
980, 193, 25
981, 193, 25
982, 193, 25
983, 193, 25
984, 193, 25
985, 193, 25
986, 193, 25
987, 193, 25
988, 193, 25
989, 193, 25
990, 193, 25
991, 193, 25
992, 193, 25
993, 193, 25
994, 193, 25
995, 193, 25
996, 193, 25
997, 193, 25
998, 193, 25
999, 193, 25
1000, 193, 25
1001, 193, 25
1002, 193, 25
1003, 193, 25
1004, 193, 25
1005, 193, 25
1006, 193, 25
1007, 193, 25
1008, 193, 25
1009, 193, 25
1010, 193, 25
1011, 193, 25
1012, 193, 25
1013, 193, 25
1014, 193, 25
1015, 193, 25
1016, 193, 25
1017, 193, 25
1018, 193, 25
1019, 193, 25
1020, 193, 25
1021, 193, 25
1022, 193, 25
1023, 193, 25
1024, 193, 25
1025, 193, 25
1026, 193, 25
1027, 193, 25
1028, 193, 25
1029, 193, 25
1030, 193, 25
1031, 193, 25
1032, 160, 58
1033, 160, 58
1034, 160, 58
1035, 160, 58
1036, 160, 58
1037, 160, 58
1038, 160, 58
1039, 160, 58
1040, 160, 58
1041, 160, 58
1042, 160, 58
1043, 160, 58
1044, 160, 58
1045, 160, 58
1046, 160, 58
1047, 160, 58
1048, 160, 58
1049, 160, 58
1050, 160, 58
1051, 160, 58
1052, 160, 58
1053, 160, 58
1054, 160, 58
1055, 160, 58
1056, 160, 58
1057, 160, 58
1058, 160, 58
1059, 160, 58
1060, 160, 58
1061, 160, 58
1062, 160, 58
1063, 160, 58
1064, 160, 58
1065, 160, 58
1066, 160, 58
1067, 160, 58
1068, 160, 58
1069, 160, 58
1070, 160, 58
1071, 160, 58
1072, 160, 58
1073, 160, 58
1074, 160, 58
1075, 160, 58
1076, 160, 58
1077, 160, 58
1078, 160, 58
1079, 160, 58
1080, 160, 58
1081, 160, 58
1082, 160, 58
1083, 160, 58
1084, 160, 58
1085, 160, 58
1086, 160, 58
1087, 160, 58
1088, 160, 58
1089, 160, 58
1090, 160, 58
1091, 160, 58
1092, 160, 58
1093, 160, 58
1094, 160, 58
1095, 160, 58
1096, 160, 58
1097, 160, 58
1098, 160, 58
1099, 160, 58
1100, 160, 58
1101, 160, 58
1102, 160, 58
1103, 160, 58
1104, 160, 58
1105, 160, 58
1106, 160, 58
1107, 160, 58
1108, 160, 58
1109, 160, 58
1110, 160, 58
1111, 160, 58
1112, 160, 58
1113, 160, 58
1114, 160, 58
1115, 160, 58
1116, 160, 58
1117, 160, 58
1118, 160, 58
1119, 160, 58
1120, 160, 58
1121, 160, 58
1122, 160, 58
1123, 160, 58
1124, 160, 58
1125, 160, 58
1126, 160, 58
1127, 160, 58
1128, 160, 58
1129, 160, 58
1130, 160, 58
1131, 160, 58
1132, 160, 58
1133, 160, 58
1134, 160, 58
1135, 160, 58
1136, 160, 58
1137, 160, 58
1138, 160, 58
1139, 160, 58
1140, 160, 58
1141, 160, 58
1142, 160, 58
1143, 160, 58
1144, 160, 58
1145, 160, 58
1146, 160, 58
1147, 160, 58
1148, 160, 58
1149, 160, 58
1150, 160, 58
1151, 160, 58
1152, 160, 58
1153, 160, 58
1154, 160, 58
1155, 160, 58
1156, 160, 58
1157, 160, 58
1158, 160, 58
1159, 160, 58
1160, 160, 58
1161, 160, 58
1162, 160, 58
1163, 160, 58
1164, 160, 58
1165, 160, 58
1166, 160, 58
1167, 160, 58
1168, 160, 58
1169, 160, 58
1170, 160, 58
1171, 160, 58
1172, 160, 58
1173, 160, 58
1174, 160, 58
1175, 160, 58
1176, 160, 58
1177, 160, 58
1178, 160, 58
1179, 160, 58
1180, 160, 58
1181, 160, 58
1182, 160, 58
1183, 160, 58
1184, 160, 58
1185, 160, 58
1186, 160, 58
1187, 160, 58
1188, 160, 58
1189, 160, 58
1190, 160, 58
1191, 160, 58
1192, 160, 58
1193, 160, 58
1194, 160, 58
1195, 160, 58
1196, 160, 58
1197, 160, 58
1198, 160, 58
1199, 160, 58
1200, 160, 58
1201, 160, 58
1202, 160, 58
1203, 160, 58
1204, 160, 58
1205, 160, 58
1206, 160, 58
1207, 160, 58
1208, 160, 58
1209, 160, 58
1210, 160, 58
1211, 160, 58
1212, 160, 58
1213, 160, 58
1214, 160, 58
1215, 160, 58
1216, 160, 58
1217, 160, 58
1218, 160, 58
1219, 160, 58
1220, 160, 58
1221, 160, 58
1222, 160, 58
1223, 160, 58
1224, 160, 58
1225, 160, 58
1226, 160, 58
1227, 160, 58
1228, 160, 58
1229, 160, 58
1230, 160, 58
1231, 160, 58
1232, 160, 58
1233, 160, 58
1234, 160, 58
1235, 160, 58
1236, 160, 58
1237, 160, 58
1238, 160, 58
1239, 160, 58
1240, 160, 58
1241, 160, 58
1242, 160, 58
1243, 160, 58
1244, 160, 58
1245, 160, 58
1246, 160, 58
1247, 160, 58
1248, 160, 58
1249, 160, 58
1250, 160, 58
1251, 160, 58
1252, 160, 58
1253, 160, 58
1254, 160, 58
1255, 160, 58
1256, 160, 58
1257, 160, 58
1258, 160, 58
1259, 160, 58
1260, 160, 58
1261, 160, 58
1262, 160, 58
1263, 160, 58
1264, 160, 58
1265, 160, 58
1266, 160, 58
1267, 160, 58
1268, 160, 58
1269, 160, 58
1270, 160, 58
1271, 160, 58
1272, 160, 58
1273, 160, 58
1274, 160, 58
1275, 160, 58
1276, 160, 58
1277, 160, 58
1278, 160, 58
1279, 160, 58
1280, 160, 58
1281, 160, 58
1282, 160, 58
1283, 160, 58
1284, 160, 58
1285, 160, 58
1286, 160, 58
1287, 160, 58
1288, 160, 58
1289, 160, 58
1290, 160, 58
1291, 160, 58
1292, 160, 58
1293, 160, 58
1294, 160, 58
1295, 160, 58
1296, 160, 58
1297, 160, 58
1298, 160, 58
1299, 160, 58
1300, 160, 58
1301, 160, 58
1302, 160, 58
1303, 160, 58
1304, 160, 58
1305, 160, 58
1306, 160, 58
1307, 160, 58
1308, 160, 58
1309, 160, 58
1310, 160, 58
1311, 160, 58
1312, 160, 58
1313, 160, 58
1314, 160, 58
1315, 160, 58
1316, 160, 58
1317, 160, 58
1318, 160, 58
1319, 160, 58
1320, 160, 58
1321, 160, 58
1322, 160, 58
1323, 160, 58
1324, 160, 58
1325, 160, 58
1326, 160, 58
1327, 160, 58
1328, 160, 58
1329, 160, 58
1330, 160, 58
1331, 160, 58
1332, 160, 58
1333, 160, 58
1334, 160, 58
1335, 160, 58
1336, 160, 58
1337, 160, 58
1338, 160, 58
1339, 160, 58
1340, 160, 58
1341, 160, 58
1342, 160, 58
1343, 160, 58
1344, 160, 58
1345, 160, 58
1346, 160, 58
1347, 160, 58
1348, 160, 58
1349, 160, 58
1350, 160, 58
1351, 160, 58
1352, 160, 58
1353, 160, 58
1354, 160, 58
1355, 160, 58
1356, 160, 58
1357, 160, 58
1358, 160, 58
1359, 160, 58
1360, 160, 58
1361, 160, 58
1362, 160, 58
1363, 160, 58
1364, 160, 58
1365, 160, 58
1366, 160, 58
1367, 160, 58
1368, 160, 58
1369, 160, 58
1370, 160, 58
1371, 160, 58
1372, 160, 58
1373, 160, 58
1374, 160, 58
1375, 160, 58
1376, 160, 58
1377, 160, 58
1378, 160, 58
1379, 160, 58
1380, 160, 58
1381, 160, 58
1382, 160, 58
1383, 160, 58
1384, 160, 58
1385, 160, 58
1386, 160, 58
1387, 160, 58
1388, 160, 58
1389, 160, 58
1390, 160, 58
1391, 160, 58
1392, 160, 58
1393, 160, 58
1394, 160, 58
1395, 160, 58
1396, 160, 58
1397, 160, 58
1398, 160, 58
1399, 160, 58
1400, 160, 58
1401, 160, 58
1402, 160, 58
1403, 160, 58
1404, 160, 58
1405, 160, 58
1406, 160, 58
1407, 160, 58
1408, 160, 58
1409, 160, 58
1410, 160, 58
1411, 160, 58
1412, 160, 58
1413, 160, 58
1414, 160, 58
1415, 160, 58
1416, 160, 58
1417, 160, 58
1418, 160, 58
1419, 160, 58
1420, 160, 58
1421, 160, 58
1422, 160, 58
1423, 160, 58
1424, 160, 58
1425, 160, 58
1426, 160, 58
1427, 160, 58
1428, 160, 58
1429, 160, 58
1430, 160, 58
1431, 160, 58
1432, 160, 58
1433, 160, 58
1434, 160, 58
1435, 160, 58
1436, 160, 58
1437, 160, 58
1438, 160, 58
1439, 160, 58
1440, 160, 58
1441, 160, 58
1442, 160, 58
1443, 160, 58
1444, 160, 58
1445, 160, 58
1446, 160, 58
1447, 160, 58
1448, 160, 58
1449, 160, 58
1450, 160, 58
1451, 160, 58
1452, 160, 58
1453, 160, 58
1454, 160, 58
1455, 160, 58
1456, 160, 58
1457, 160, 58
1458, 160, 58
1459, 160, 58
1460, 160, 58
1461, 160, 58
1462, 160, 58
1463, 160, 58
1464, 160, 58
1465, 160, 58
1466, 160, 58
1467, 160, 58
1468, 160, 58
1469, 160, 58
1470, 160, 58
1471, 160, 58
1472, 160, 58
1473, 160, 58
1474, 160, 58
1475, 160, 58
1476, 160, 58
1477, 160, 58
1478, 160, 58
1479, 160, 58
1480, 160, 58
1481, 160, 58
1482, 160, 58
1483, 160, 58
1484, 160, 58
1485, 160, 58
1486, 160, 58
1487, 160, 58
1488, 160, 58
1489, 160, 58
1490, 160, 58
1491, 160, 58
1492, 160, 58
1493, 160, 58
1494, 160, 58
1495, 160, 58
1496, 160, 58
1497, 160, 58
1498, 160, 58
1499, 160, 58
1500, 160, 58
1501, 160, 58
1502, 160, 58
1503, 160, 58
1504, 160, 58
1505, 160, 58
1506, 160, 58
1507, 160, 58
1508, 160, 58
1509, 160, 58
1510, 160, 58
1511, 160, 58
1512, 160, 58
1513, 160, 58
1514, 160, 58
1515, 160, 58
1516, 160, 58
1517, 160, 58
1518, 160, 58
1519, 160, 58
1520, 160, 58
1521, 160, 58
1522, 160, 58
1523, 160, 58
1524, 160, 58
1525, 160, 58
1526, 160, 58
1527, 160, 58
1528, 160, 58
1529, 160, 58
1530, 160, 58
1531, 160, 58
1532, 160, 58
1533, 160, 58
1534, 160, 58
1535, 160, 58
1536, 160, 58
1537, 160, 58
1538, 160, 58
1539, 160, 58
1540, 160, 58
1541, 160, 58
1542, 160, 58
1543, 160, 58
1544, 160, 58
1545, 160, 58
1546, 160, 58
1547, 160, 58
1548, 160, 58
1549, 160, 58
1550, 160, 58
1551, 160, 58
1552, 160, 58
1553, 160, 58
1554, 160, 58
1555, 160, 58
1556, 160, 58
1557, 160, 58
1558, 160, 58
1559, 160, 58
1560, 160, 58
1561, 160, 58
1562, 160, 58
1563, 160, 58
1564, 160, 58
1565, 160, 58
1566, 160, 58
1567, 160, 58
1568, 160, 58
1569, 160, 58
1570, 160, 58
1571, 160, 58
1572, 160, 58
1573, 160, 58
1574, 160, 58
1575, 160, 58
1576, 160, 58
1577, 160, 58
1578, 160, 58
1579, 160, 58
1580, 160, 58
1581, 160, 58
1582, 160, 58
1583, 160, 58
1584, 160, 58
1585, 160, 58
1586, 160, 58
1587, 160, 58
1588, 160, 58
1589, 160, 58
1590, 160, 58
1591, 160, 58
1592, 160, 58
1593, 160, 58
1594, 160, 58
1595, 160, 58
1596, 160, 58
1597, 160, 58
1598, 160, 58
1599, 160, 58
1600, 160, 58
1601, 160, 58
1602, 160, 58
1603, 160, 58
1604, 160, 58
1605, 160, 58
1606, 160, 58
1607, 160, 58
1608, 160, 58
1609, 160, 58
1610, 160, 58
1611, 160, 58
1612, 160, 58
1613, 160, 58
1614, 160, 58
1615, 160, 58
1616, 160, 58
1617, 160, 58
1618, 160, 58
1619, 160, 58
1620, 160, 58
1621, 160, 58
1622, 160, 58
1623, 160, 58
1624, 160, 58
1625, 160, 58
1626, 160, 58
1627, 160, 58
1628, 160, 58
1629, 160, 58
1630, 160, 58
1631, 160, 58
1632, 160, 58
1633, 160, 58
1634, 160, 58
1635, 160, 58
1636, 160, 58
1637, 160, 58
1638, 160, 58
1639, 160, 58
1640, 160, 58
1641, 160, 58
1642, 160, 58
1643, 160, 58
1644, 160, 58
1645, 160, 58
1646, 160, 58
1647, 160, 58
1648, 160, 58
1649, 160, 58
1650, 160, 58
1651, 160, 58
1652, 160, 58
1653, 160, 58
1654, 160, 58
1655, 160, 58
1656, 160, 58
1657, 160, 58
1658, 160, 58
1659, 160, 58
1660, 160, 58
1661, 160, 58
1662, 160, 58
1663, 160, 58
1664, 160, 58
1665, 160, 58
1666, 160, 58
1667, 160, 58
1668, 160, 58
1669, 160, 58
1670, 160, 58
1671, 160, 58
1672, 160, 58
1673, 160, 58
1674, 160, 58
1675, 160, 58
1676, 160, 58
1677, 160, 58
1678, 160, 58
1679, 160, 58
1680, 160, 58
1681, 160, 58
1682, 160, 58
1683, 160, 58
1684, 160, 58
1685, 160, 58
1686, 160, 58
1687, 160, 58
1688, 160, 58
1689, 160, 58
1690, 160, 58
1691, 160, 58
1692, 160, 58
1693, 160, 58
1694, 160, 58
1695, 160, 58
1696, 160, 58
1697, 160, 58
1698, 160, 58
1699, 160, 58
1700, 160, 58
1701, 160, 58
1702, 160, 58
1703, 160, 58
1704, 160, 58
1705, 160, 58
1706, 160, 58
1707, 160, 58
1708, 160, 58
1709, 160, 58
1710, 160, 58
1711, 160, 58
1712, 160, 58
1713, 160, 58
1714, 160, 58
1715, 160, 58
1716, 160, 58
1717, 160, 58
1718, 160, 58
1719, 160, 58
1720, 160, 58
1721, 160, 58
1722, 160, 58
1723, 160, 58
1724, 160, 58
1725, 160, 58
1726, 160, 58
1727, 160, 58
1728, 160, 58
1729, 160, 58
1730, 160, 58
1731, 160, 58
1732, 160, 58
1733, 160, 58
1734, 160, 58
1735, 160, 58
1736, 160, 58
1737, 160, 58
1738, 160, 58
1739, 160, 58
1740, 160, 58
1741, 160, 58
1742, 160, 58
1743, 160, 58
1744, 160, 58
1745, 160, 58
1746, 160, 58
1747, 160, 58
1748, 160, 58
1749, 160, 58
1750, 160, 58
1751, 160, 58
1752, 160, 58
1753, 160, 58
1754, 160, 58
1755, 160, 58
1756, 160, 58
1757, 160, 58
1758, 160, 58
1759, 160, 58
1760, 160, 58
1761, 160, 58
1762, 160, 58
1763, 160, 58
1764, 160, 58
1765, 160, 58
1766, 160, 58
1767, 160, 58
1768, 160, 58
1769, 160, 58
1770, 160, 58
1771, 160, 58
1772, 160, 58
1773, 160, 58
1774, 160, 58
1775, 160, 58
1776, 160, 58
1777, 160, 58
1778, 160, 58
1779, 160, 58
1780, 160, 58
1781, 160, 58
1782, 160, 58
1783, 160, 58
1784, 160, 58
1785, 160, 58
1786, 160, 58
1787, 160, 58
1788, 160, 58
1789, 160, 58
1790, 160, 58
1791, 160, 58
1792, 160, 58
1793, 160, 58
1794, 160, 58
1795, 160, 58
1796, 160, 58
1797, 160, 58
1798, 160, 58
1799, 160, 58
1800, 160, 58
1801, 160, 58
1802, 160, 58
1803, 160, 58
1804, 160, 58
1805, 160, 58
1806, 160, 58
1807, 160, 58
1808, 160, 58
1809, 160, 58
1810, 160, 58
1811, 160, 58
1812, 160, 58
1813, 160, 58
1814, 160, 58
1815, 160, 58
1816, 160, 58
1817, 160, 58
1818, 160, 58
1819, 160, 58
1820, 160, 58
1821, 160, 58
1822, 160, 58
1823, 160, 58
1824, 160, 58
1825, 160, 58
1826, 160, 58
1827, 160, 58
1828, 160, 58
1829, 160, 58
1830, 160, 58
1831, 160, 58
1832, 160, 58
1833, 160, 58
1834, 160, 58
1835, 160, 58
1836, 160, 58
1837, 160, 58
1838, 160, 58
1839, 160, 58
1840, 160, 58
1841, 160, 58
1842, 160, 58
1843, 160, 58
1844, 160, 58
1845, 160, 58
1846, 160, 58
1847, 160, 58
1848, 160, 58
1849, 160, 58
1850, 160, 58
1851, 160, 58
1852, 160, 58
1853, 160, 58
1854, 160, 58
1855, 160, 58
1856, 160, 58
1857, 160, 58
1858, 160, 58
1859, 160, 58
1860, 160, 58
1861, 160, 58
1862, 160, 58
1863, 160, 58
1864, 160, 58
1865, 160, 58
1866, 160, 58
1867, 160, 58
1868, 160, 58
1869, 160, 58
1870, 160, 58
1871, 160, 58
1872, 160, 58
1873, 160, 58
1874, 160, 58
1875, 160, 58
1876, 160, 58
1877, 160, 58
1878, 160, 58
1879, 160, 58
1880, 160, 58
1881, 160, 58
1882, 160, 58
1883, 160, 58
1884, 160, 58
1885, 160, 58
1886, 160, 58
1887, 160, 58
1888, 160, 58
1889, 160, 58
1890, 160, 58
1891, 160, 58
1892, 160, 58
1893, 160, 58
1894, 160, 58
1895, 160, 58
1896, 160, 58
1897, 160, 58
1898, 160, 58
1899, 160, 58
1900, 160, 58
1901, 160, 58
1902, 160, 58
1903, 160, 58
1904, 160, 58
1905, 160, 58
1906, 160, 58
1907, 160, 58
1908, 160, 58
1909, 160, 58
1910, 160, 58
1911, 160, 58
1912, 160, 58
1913, 160, 58
1914, 160, 58
1915, 160, 58
1916, 160, 58
1917, 160, 58
1918, 160, 58
1919, 160, 58
1920, 160, 58
1921, 160, 58
1922, 160, 58
1923, 160, 58
1924, 160, 58
1925, 160, 58
1926, 160, 58
1927, 160, 58
1928, 160, 58
1929, 160, 58
1930, 160, 58
1931, 160, 58
1932, 160, 58
1933, 160, 58
1934, 160, 58
1935, 160, 58
1936, 160, 58
1937, 160, 58
1938, 160, 58
1939, 160, 58
1940, 160, 58
1941, 160, 58
1942, 160, 58
1943, 160, 58
1944, 160, 58
1945, 160, 58
1946, 160, 58
1947, 160, 58
1948, 160, 58
1949, 160, 58
1950, 160, 58
1951, 160, 58
1952, 160, 58
1953, 160, 58
1954, 160, 58
1955, 160, 58
1956, 160, 58
1957, 160, 58
1958, 160, 58
1959, 160, 58
1960, 160, 58
1961, 160, 58
1962, 160, 58
1963, 160, 58
1964, 160, 58
1965, 160, 58
1966, 160, 58
1967, 160, 58
1968, 160, 58
1969, 160, 58
1970, 160, 58
1971, 160, 58
1972, 160, 58
1973, 160, 58
1974, 160, 58
1975, 160, 58
1976, 160, 58
1977, 160, 58
1978, 160, 58
1979, 160, 58
1980, 160, 58
1981, 160, 58
1982, 160, 58
1983, 160, 58
1984, 160, 58
1985, 160, 58
1986, 160, 58
1987, 160, 58
1988, 160, 58
1989, 160, 58
1990, 160, 58
1991, 160, 58
1992, 160, 58
1993, 160, 58
1994, 160, 58
1995, 160, 58
1996, 160, 58
1997, 160, 58
1998, 160, 58
1999, 160, 58
2000, 160, 58
2001, 160, 58
2002, 160, 58
2003, 160, 58
2004, 160, 58
2005, 160, 58
2006, 160, 58
2007, 160, 58
2008, 160, 58
2009, 160, 58
2010, 160, 58
2011, 160, 58
2012, 160, 58
2013, 160, 58
2014, 160, 58
2015, 160, 58
2016, 160, 58
2017, 160, 58
2018, 160, 58
2019, 160, 58
2020, 160, 58
2021, 160, 58
2022, 160, 58
2023, 160, 58
2024, 160, 58
2025, 160, 58
2026, 160, 58
2027, 160, 58
2028, 160, 58
2029, 160, 58
2030, 160, 58
2031, 160, 58
2032, 160, 58
2033, 160, 58
2034, 160, 58
2035, 160, 58
2036, 160, 58
2037, 160, 58
2038, 160, 58
2039, 160, 58
2040, 160, 58
2041, 160, 58
2042, 160, 58
2043, 160, 58
2044, 160, 58
2045, 160, 58
2046, 160, 58
2047, 160, 58
2048, 160, 58
2049, 160, 58
2050, 160, 58
2051, 160, 58
2052, 160, 58
2053, 160, 58
2054, 160, 58
2055, 160, 58
2056, 160, 58
2057, 160, 58
2058, 160, 58
2059, 160, 58
2060, 160, 58
2061, 160, 58
2062, 160, 58
2063, 160, 58
2064, 160, 58
2065, 160, 58
2066, 160, 58
2067, 160, 58
2068, 160, 58
2069, 160, 58
2070, 160, 58
2071, 160, 58
2072, 160, 58
2073, 160, 58
2074, 160, 58
2075, 160, 58
2076, 160, 58
2077, 160, 58
2078, 160, 58
2079, 160, 58
2080, 160, 58
2081, 160, 58
2082, 160, 58
2083, 160, 58
2084, 160, 58
2085, 160, 58
2086, 160, 58
2087, 160, 58
2088, 160, 58
2089, 160, 58
2090, 160, 58
2091, 160, 58
2092, 160, 58
2093, 160, 58
2094, 160, 58
2095, 160, 58
2096, 160, 58
2097, 160, 58
2098, 160, 58
2099, 160, 58
2100, 160, 58
2101, 160, 58
2102, 160, 58
2103, 160, 58
2104, 160, 58
2105, 160, 58
2106, 160, 58
2107, 160, 58
2108, 160, 58
2109, 160, 58
2110, 160, 58
2111, 160, 58
2112, 160, 58
2113, 160, 58
2114, 160, 58
2115, 160, 58
2116, 160, 58
2117, 160, 58
2118, 160, 58
2119, 160, 58
2120, 160, 58
2121, 160, 58
2122, 160, 58
2123, 160, 58
2124, 160, 58
2125, 160, 58
2126, 160, 58
2127, 160, 58
2128, 160, 58
2129, 160, 58
2130, 160, 58
2131, 160, 58
2132, 160, 58
2133, 160, 58
2134, 160, 58
2135, 160, 58
2136, 160, 58
2137, 160, 58
2138, 160, 58
2139, 160, 58
2140, 160, 58
2141, 160, 58
2142, 160, 58
2143, 160, 58
2144, 160, 58
2145, 160, 58
2146, 160, 58
2147, 160, 58
2148, 160, 58
2149, 160, 58
2150, 160, 58
2151, 160, 58
2152, 160, 58
2153, 160, 58
2154, 160, 58
2155, 160, 58
2156, 160, 58
2157, 160, 58
2158, 160, 58
2159, 160, 58
2160, 160, 58
2161, 160, 58
2162, 160, 58
2163, 160, 58
2164, 160, 58
2165, 160, 58
2166, 160, 58
2167, 160, 58
2168, 160, 58
2169, 160, 58
2170, 160, 58
2171, 160, 58
2172, 160, 58
2173, 160, 58
2174, 160, 58
2175, 160, 58
2176, 160, 58
2177, 160, 58
2178, 160, 58
2179, 160, 58
2180, 160, 58
2181, 160, 58
2182, 160, 58
2183, 160, 58
2184, 160, 58
2185, 160, 58
2186, 160, 58
2187, 160, 58
2188, 160, 58
2189, 160, 58
2190, 160, 58
2191, 160, 58
2192, 160, 58
2193, 160, 58
2194, 160, 58
2195, 160, 58
2196, 160, 58
2197, 160, 58
2198, 160, 58
2199, 160, 58
2200, 160, 58
2201, 160, 58
2202, 160, 58
2203, 160, 58
2204, 160, 58
2205, 160, 58
2206, 160, 58
2207, 160, 58
2208, 160, 58
2209, 160, 58
2210, 160, 58
2211, 160, 58
2212, 160, 58
2213, 160, 58
2214, 160, 58
2215, 160, 58
2216, 160, 58
2217, 160, 58
2218, 160, 58
2219, 160, 58
2220, 160, 58
2221, 160, 58
2222, 160, 58
2223, 160, 58
2224, 160, 58
2225, 160, 58
2226, 160, 58
2227, 160, 58
2228, 160, 58
2229, 160, 58
2230, 160, 58
2231, 160, 58
2232, 160, 58
2233, 160, 58
2234, 160, 58
2235, 160, 58
2236, 160, 58
2237, 160, 58
2238, 160, 58
2239, 160, 58
2240, 160, 58
2241, 160, 58
2242, 160, 58
2243, 160, 58
2244, 160, 58
2245, 160, 58
2246, 160, 58
2247, 160, 58
2248, 160, 58
2249, 160, 58
2250, 160, 58
2251, 160, 58
2252, 160, 58
2253, 160, 58
2254, 160, 58
2255, 160, 58
2256, 160, 58
2257, 160, 58
2258, 160, 58
2259, 160, 58
2260, 160, 58
2261, 160, 58
2262, 160, 58
2263, 160, 58
2264, 160, 58
2265, 160, 58
2266, 160, 58
2267, 160, 58
2268, 160, 58
2269, 160, 58
2270, 160, 58
2271, 160, 58
2272, 160, 58
2273, 160, 58
2274, 160, 58
2275, 160, 58
2276, 160, 58
2277, 160, 58
2278, 160, 58
2279, 160, 58
2280, 160, 58
2281, 160, 58
2282, 160, 58
2283, 160, 58
2284, 160, 58
2285, 160, 58
2286, 160, 58
2287, 160, 58
2288, 160, 58
2289, 160, 58
2290, 160, 58
2291, 160, 58
2292, 160, 58
2293, 160, 58
2294, 160, 58
2295, 160, 58
2296, 160, 58
2297, 160, 58
2298, 160, 58
2299, 160, 58
2300, 160, 58
2301, 160, 58
2302, 160, 58
2303, 160, 58
2304, 160, 58
2305, 160, 58
2306, 160, 58
2307, 160, 58
2308, 160, 58
2309, 160, 58
2310, 160, 58
2311, 160, 58
2312, 160, 58
2313, 160, 58
2314, 160, 58
2315, 160, 58
2316, 160, 58
2317, 160, 58
2318, 160, 58
2319, 160, 58
2320, 160, 58
2321, 160, 58
2322, 160, 58
2323, 160, 58
2324, 160, 58
2325, 160, 58
2326, 160, 58
2327, 160, 58
2328, 160, 58
2329, 160, 58
2330, 160, 58
2331, 160, 58
2332, 160, 58
2333, 160, 58
2334, 160, 58
2335, 160, 58
2336, 160, 58
2337, 160, 58
2338, 160, 58
2339, 160, 58
2340, 160, 58
2341, 160, 58
2342, 160, 58
2343, 160, 58
2344, 160, 58
2345, 160, 58
2346, 160, 58
2347, 160, 58
2348, 160, 58
2349, 160, 58
2350, 160, 58
2351, 160, 58
2352, 160, 58
2353, 160, 58
2354, 160, 58
2355, 160, 58
2356, 160, 58
2357, 160, 58
2358, 160, 58
2359, 160, 58
2360, 160, 58
2361, 160, 58
2362, 160, 58
2363, 160, 58
2364, 160, 58
2365, 160, 58
2366, 160, 58
2367, 160, 58
2368, 160, 58
2369, 160, 58
2370, 160, 58
2371, 160, 58
2372, 160, 58
2373, 160, 58
2374, 160, 58
2375, 160, 58
2376, 160, 58
2377, 160, 58
2378, 160, 58
2379, 160, 58
2380, 160, 58
2381, 160, 58
2382, 160, 58
2383, 160, 58
2384, 160, 58
2385, 160, 58
2386, 160, 58
2387, 160, 58
2388, 160, 58
2389, 160, 58
2390, 160, 58
2391, 160, 58
2392, 160, 58
2393, 160, 58
2394, 160, 58
2395, 160, 58
2396, 160, 58
2397, 160, 58
2398, 160, 58
2399, 160, 58
2400, 160, 58
2401, 160, 58
2402, 160, 58
2403, 160, 58
2404, 160, 58
2405, 160, 58
2406, 160, 58
2407, 160, 58
2408, 160, 58
2409, 160, 58
2410, 160, 58
2411, 160, 58
2412, 160, 58
2413, 160, 58
2414, 160, 58
2415, 160, 58
2416, 160, 58
2417, 160, 58
2418, 160, 58
2419, 160, 58
2420, 160, 58
2421, 160, 58
2422, 160, 58
2423, 160, 58
2424, 160, 58
2425, 160, 58
2426, 160, 58
2427, 160, 58
2428, 160, 58
2429, 160, 58
2430, 160, 58
2431, 160, 58
2432, 160, 58
2433, 160, 58
2434, 160, 58
2435, 160, 58
2436, 160, 58
2437, 160, 58
2438, 160, 58
2439, 160, 58
2440, 160, 58
2441, 160, 58
2442, 160, 58
2443, 160, 58
2444, 160, 58
2445, 160, 58
2446, 160, 58
2447, 160, 58
2448, 160, 58
2449, 160, 58
2450, 160, 58
2451, 160, 58
2452, 160, 58
2453, 160, 58
2454, 160, 58
2455, 160, 58
2456, 160, 58
2457, 160, 58
2458, 160, 58
2459, 160, 58
2460, 160, 58
2461, 160, 58
2462, 160, 58
2463, 160, 58
2464, 160, 58
2465, 160, 58
2466, 160, 58
2467, 160, 58
2468, 160, 58
2469, 160, 58
2470, 160, 58
2471, 160, 58
2472, 160, 58
2473, 160, 58
2474, 160, 58
2475, 160, 58
2476, 160, 58
2477, 160, 58
2478, 160, 58
2479, 160, 58
2480, 160, 58
2481, 160, 58
2482, 160, 58
2483, 160, 58
2484, 160, 58
2485, 160, 58
2486, 160, 58
2487, 160, 58
2488, 160, 58
2489, 160, 58
2490, 160, 58
2491, 160, 58
2492, 160, 58
2493, 160, 58
2494, 160, 58
2495, 160, 58
2496, 160, 58
2497, 160, 58
2498, 160, 58
2499, 160, 58
2500, 160, 58
2501, 160, 58
2502, 160, 58
2503, 160, 58
2504, 160, 58
2505, 160, 58
2506, 160, 58
2507, 160, 58
2508, 160, 58
2509, 160, 58
2510, 160, 58
2511, 160, 58
2512, 160, 58
2513, 160, 58
2514, 160, 58
2515, 160, 58
2516, 160, 58
2517, 160, 58
2518, 160, 58
2519, 160, 58
2520, 160, 58
2521, 160, 58
2522, 160, 58
2523, 160, 58
2524, 160, 58
2525, 160, 58
2526, 160, 58
2527, 160, 58
2528, 160, 58
2529, 160, 58
2530, 160, 58
2531, 160, 58
2532, 160, 58
2533, 160, 58
2534, 160, 58
2535, 160, 58
2536, 160, 58
2537, 160, 58
2538, 160, 58
2539, 160, 58
2540, 160, 58
2541, 160, 58
2542, 160, 58
2543, 160, 58
2544, 160, 58
2545, 160, 58
2546, 160, 58
2547, 160, 58
2548, 160, 58
2549, 160, 58
2550, 160, 58
2551, 160, 58
2552, 160, 58
2553, 160, 58
2554, 160, 58
2555, 160, 58
2556, 160, 58
2557, 160, 58
2558, 160, 58
2559, 160, 58
2560, 160, 58
2561, 160, 58
2562, 160, 58
2563, 160, 58
2564, 160, 58
2565, 160, 58
2566, 160, 58
2567, 160, 58
2568, 160, 58
2569, 160, 58
2570, 160, 58
2571, 160, 58
2572, 160, 58
2573, 160, 58
2574, 160, 58
2575, 160, 58
2576, 160, 58
2577, 160, 58
2578, 160, 58
2579, 160, 58
2580, 160, 58
2581, 160, 58
2582, 160, 58
2583, 160, 58
2584, 160, 58
2585, 160, 58
2586, 160, 58
2587, 160, 58
2588, 160, 58
2589, 160, 58
2590, 160, 58
2591, 160, 58
2592, 160, 58
2593, 160, 58
2594, 160, 58
2595, 160, 58
2596, 160, 58
2597, 160, 58
2598, 160, 58
2599, 160, 58
2600, 160, 58
2601, 160, 58
2602, 160, 58
2603, 160, 58
2604, 160, 58
2605, 160, 58
2606, 160, 58
2607, 160, 58
2608, 160, 58
2609, 160, 58
2610, 160, 58
2611, 160, 58
2612, 160, 58
2613, 160, 58
2614, 160, 58
2615, 160, 58
2616, 160, 58
2617, 160, 58
2618, 160, 58
2619, 160, 58
2620, 160, 58
2621, 160, 58
2622, 160, 58
2623, 160, 58
2624, 160, 58
2625, 160, 58
2626, 160, 58
2627, 160, 58
2628, 160, 58
2629, 160, 58
2630, 160, 58
2631, 160, 58
2632, 160, 58
2633, 160, 58
2634, 160, 58
2635, 160, 58
2636, 160, 58
2637, 160, 58
2638, 160, 58
2639, 160, 58
2640, 160, 58
2641, 160, 58
2642, 160, 58
2643, 160, 58
2644, 160, 58
2645, 160, 58
2646, 160, 58
2647, 160, 58
2648, 160, 58
2649, 160, 58
2650, 160, 58
2651, 160, 58
2652, 160, 58
2653, 160, 58
2654, 160, 58
2655, 160, 58
2656, 160, 58
2657, 160, 58
2658, 160, 58
2659, 160, 58
2660, 160, 58
2661, 160, 58
2662, 160, 58
2663, 160, 58
2664, 160, 58
2665, 160, 58
2666, 160, 58
2667, 160, 58
2668, 160, 58
2669, 160, 58
2670, 160, 58
2671, 160, 58
2672, 160, 58
2673, 160, 58
2674, 160, 58
2675, 160, 58
2676, 160, 58
2677, 160, 58
2678, 160, 58
2679, 160, 58
2680, 160, 58
2681, 160, 58
2682, 160, 58
2683, 160, 58
2684, 160, 58
2685, 160, 58
2686, 160, 58
2687, 160, 58
2688, 160, 58
2689, 160, 58
2690, 160, 58
2691, 160, 58
2692, 160, 58
2693, 160, 58
2694, 160, 58
2695, 160, 58
2696, 160, 58
2697, 160, 58
2698, 160, 58
2699, 160, 58
2700, 160, 58
2701, 160, 58
2702, 160, 58
2703, 160, 58
2704, 160, 58
2705, 160, 58
2706, 160, 58
2707, 160, 58
2708, 160, 58
2709, 160, 58
2710, 160, 58
2711, 160, 58
2712, 160, 58
2713, 160, 58
2714, 160, 58
2715, 160, 58
2716, 160, 58
2717, 160, 58
2718, 160, 58
2719, 160, 58
2720, 160, 58
2721, 160, 58
2722, 160, 58
2723, 160, 58
2724, 160, 58
2725, 160, 58
2726, 160, 58
2727, 160, 58
2728, 160, 58
2729, 160, 58
2730, 160, 58
2731, 160, 58
2732, 160, 58
2733, 160, 58
2734, 160, 58
2735, 160, 58
2736, 160, 58
2737, 160, 58
2738, 160, 58
2739, 160, 58
2740, 160, 58
2741, 160, 58
2742, 160, 58
2743, 160, 58
2744, 160, 58
2745, 160, 58
2746, 160, 58
2747, 160, 58
2748, 160, 58
2749, 160, 58
2750, 160, 58
2751, 160, 58
2752, 160, 58
2753, 160, 58
2754, 160, 58
2755, 160, 58
2756, 160, 58
2757, 160, 58
2758, 160, 58
2759, 160, 58
2760, 160, 58
2761, 160, 58
2762, 160, 58
2763, 160, 58
2764, 160, 58
2765, 160, 58
2766, 160, 58
2767, 160, 58
2768, 160, 58
2769, 160, 58
2770, 160, 58
2771, 160, 58
2772, 160, 58
2773, 160, 58
2774, 160, 58
2775, 160, 58
2776, 160, 58
2777, 160, 58
2778, 160, 58
2779, 160, 58
2780, 160, 58
2781, 160, 58
2782, 160, 58
2783, 160, 58
2784, 160, 58
2785, 160, 58
2786, 160, 58
2787, 160, 58
2788, 160, 58
2789, 160, 58
2790, 160, 58
2791, 160, 58
2792, 160, 58
2793, 160, 58
2794, 160, 58
2795, 160, 58
2796, 160, 58
2797, 160, 58
2798, 160, 58
2799, 160, 58
2800, 160, 58
2801, 160, 58
2802, 160, 58
2803, 160, 58
2804, 160, 58
2805, 160, 58
2806, 160, 58
2807, 160, 58
2808, 160, 58
2809, 160, 58
2810, 160, 58
2811, 160, 58
2812, 160, 58
2813, 160, 58
2814, 160, 58
2815, 160, 58
2816, 160, 58
2817, 160, 58
2818, 160, 58
2819, 160, 58
2820, 160, 58
2821, 160, 58
2822, 160, 58
2823, 160, 58
2824, 160, 58
2825, 160, 58
2826, 160, 58
2827, 160, 58
2828, 160, 58
2829, 160, 58
2830, 160, 58
2831, 160, 58
2832, 160, 58
2833, 160, 58
2834, 160, 58
2835, 160, 58
2836, 160, 58
2837, 160, 58
2838, 160, 58
2839, 160, 58
2840, 160, 58
2841, 160, 58
2842, 160, 58
2843, 160, 58
2844, 160, 58
2845, 160, 58
2846, 160, 58
2847, 160, 58
2848, 160, 58
2849, 160, 58
2850, 160, 58
2851, 160, 58
2852, 160, 58
2853, 160, 58
2854, 160, 58
2855, 160, 58
2856, 160, 58
2857, 160, 58
2858, 160, 58
2859, 160, 58
2860, 160, 58
2861, 160, 58
2862, 160, 58
2863, 160, 58
2864, 160, 58
2865, 160, 58
2866, 160, 58
2867, 160, 58
2868, 160, 58
2869, 160, 58
2870, 160, 58
2871, 160, 58
2872, 160, 58
2873, 160, 58
2874, 160, 58
2875, 160, 58
2876, 160, 58
2877, 160, 58
2878, 160, 58
2879, 160, 58
2880, 160, 58
2881, 160, 58
2882, 160, 58
2883, 160, 58
2884, 160, 58
2885, 160, 58
2886, 160, 58
2887, 160, 58
2888, 160, 58
2889, 160, 58
2890, 160, 58
2891, 160, 58
2892, 160, 58
2893, 160, 58
2894, 160, 58
2895, 160, 58
2896, 160, 58
2897, 160, 58
2898, 160, 58
2899, 160, 58
2900, 160, 58
2901, 160, 58
2902, 160, 58
2903, 160, 58
2904, 160, 58
2905, 160, 58
2906, 160, 58
2907, 160, 58
2908, 160, 58
2909, 160, 58
2910, 160, 58
2911, 160, 58
2912, 160, 58
2913, 160, 58
2914, 160, 58
2915, 160, 58
2916, 160, 58
2917, 160, 58
2918, 160, 58
2919, 160, 58
2920, 160, 58
2921, 160, 58
2922, 160, 58
2923, 160, 58
2924, 160, 58
2925, 160, 58
2926, 160, 58
2927, 160, 58
2928, 160, 58
2929, 160, 58
2930, 160, 58
2931, 160, 58
2932, 160, 58
2933, 160, 58
2934, 160, 58
2935, 160, 58
2936, 160, 58
2937, 160, 58
2938, 160, 58
2939, 160, 58
2940, 160, 58
2941, 160, 58
2942, 160, 58
2943, 160, 58
2944, 160, 58
2945, 160, 58
2946, 160, 58
2947, 160, 58
2948, 160, 58
2949, 160, 58
2950, 160, 58
2951, 160, 58
2952, 160, 58
2953, 160, 58
2954, 160, 58
2955, 160, 58
2956, 160, 58
2957, 160, 58
2958, 160, 58
2959, 160, 58
2960, 160, 58
2961, 160, 58
2962, 160, 58
2963, 160, 58
2964, 160, 58
2965, 160, 58
2966, 160, 58
2967, 160, 58
2968, 160, 58
2969, 160, 58
2970, 160, 58
2971, 160, 58
2972, 160, 58
2973, 160, 58
2974, 160, 58
2975, 160, 58
2976, 160, 58
2977, 160, 58
2978, 160, 58
2979, 160, 58
2980, 160, 58
2981, 160, 58
2982, 160, 58
2983, 160, 58
2984, 160, 58
2985, 160, 58
2986, 160, 58
2987, 160, 58
2988, 160, 58
2989, 160, 58
2990, 160, 58
2991, 160, 58
2992, 160, 58
2993, 160, 58
2994, 160, 58
2995, 160, 58
2996, 160, 58
2997, 160, 58
2998, 160, 58
2999, 160, 58
3000, 160, 58
3001, 160, 58
3002, 160, 58
3003, 160, 58
3004, 160, 58
3005, 160, 58
3006, 160, 58
3007, 160, 58
3008, 160, 58
3009, 160, 58
3010, 160, 58
3011, 160, 58
3012, 160, 58
3013, 160, 58
3014, 160, 58
3015, 160, 58
3016, 160, 58
3017, 160, 58
3018, 160, 58
3019, 160, 58
3020, 160, 58
3021, 160, 58
3022, 160, 58
3023, 160, 58
3024, 160, 58
3025, 160, 58
3026, 160, 58
3027, 160, 58
3028, 160, 58
3029, 160, 58
3030, 160, 58
3031, 160, 58
3032, 160, 58
3033, 160, 58
3034, 160, 58
3035, 160, 58
3036, 160, 58
3037, 160, 58
3038, 160, 58
3039, 160, 58
3040, 160, 58
3041, 160, 58
3042, 160, 58
3043, 160, 58
3044, 160, 58
3045, 160, 58
3046, 160, 58
3047, 160, 58
3048, 160, 58
3049, 160, 58
3050, 160, 58
3051, 160, 58
3052, 160, 58
3053, 160, 58
3054, 160, 58
3055, 160, 58
3056, 160, 58
3057, 160, 58
3058, 160, 58
3059, 160, 58
3060, 160, 58
3061, 160, 58
3062, 160, 58
3063, 160, 58
3064, 160, 58
3065, 160, 58
3066, 160, 58
3067, 160, 58
3068, 160, 58
3069, 160, 58
3070, 160, 58
3071, 160, 58
3072, 160, 58
3073, 160, 58
3074, 160, 58
3075, 160, 58
3076, 160, 58
3077, 160, 58
3078, 160, 58
3079, 160, 58
3080, 160, 58
3081, 160, 58
3082, 160, 58
3083, 160, 58
3084, 160, 58
3085, 160, 58
3086, 160, 58
3087, 160, 58
3088, 160, 58
3089, 160, 58
3090, 160, 58
3091, 160, 58
3092, 160, 58
3093, 160, 58
3094, 160, 58
3095, 160, 58
3096, 160, 58
3097, 160, 58
3098, 160, 58
3099, 160, 58
3100, 160, 58
3101, 160, 58
3102, 160, 58
3103, 160, 58
3104, 160, 58
3105, 160, 58
3106, 160, 58
3107, 160, 58
3108, 160, 58
3109, 160, 58
3110, 160, 58
3111, 160, 58
3112, 160, 58
3113, 160, 58
3114, 160, 58
3115, 160, 58
3116, 160, 58
3117, 160, 58
3118, 160, 58
3119, 160, 58
3120, 160, 58
3121, 160, 58
3122, 160, 58
3123, 160, 58
3124, 160, 58
3125, 160, 58
3126, 160, 58
3127, 160, 58
3128, 160, 58
3129, 160, 58
3130, 160, 58
3131, 160, 58
3132, 160, 58
3133, 160, 58
3134, 160, 58
3135, 160, 58
3136, 160, 58
3137, 160, 58
3138, 160, 58
3139, 160, 58
3140, 160, 58
3141, 160, 58
3142, 160, 58
3143, 160, 58
3144, 160, 58
3145, 160, 58
3146, 160, 58
3147, 160, 58
3148, 160, 58
3149, 160, 58
3150, 160, 58
3151, 160, 58
3152, 160, 58
3153, 160, 58
3154, 160, 58
3155, 160, 58
3156, 160, 58
3157, 160, 58
3158, 160, 58
3159, 160, 58
3160, 160, 58
3161, 160, 58
3162, 160, 58
3163, 160, 58
3164, 160, 58
3165, 160, 58
3166, 160, 58
3167, 160, 58
3168, 160, 58
3169, 160, 58
3170, 160, 58
3171, 160, 58
3172, 160, 58
3173, 160, 58
3174, 160, 58
3175, 160, 58
3176, 160, 58
3177, 160, 58
3178, 160, 58
3179, 160, 58
3180, 160, 58
3181, 160, 58
3182, 160, 58
3183, 160, 58
3184, 160, 58
3185, 160, 58
3186, 160, 58
3187, 160, 58
3188, 160, 58
3189, 160, 58
3190, 160, 58
3191, 160, 58
3192, 160, 58
3193, 160, 58
3194, 160, 58
3195, 160, 58
3196, 160, 58
3197, 160, 58
3198, 160, 58
3199, 160, 58
3200, 160, 58
3201, 160, 58
3202, 160, 58
3203, 160, 58
3204, 160, 58
3205, 160, 58
3206, 160, 58
3207, 160, 58
3208, 160, 58
3209, 160, 58
3210, 160, 58
3211, 160, 58
3212, 160, 58
3213, 160, 58
3214, 160, 58
3215, 160, 58
3216, 160, 58
3217, 160, 58
3218, 160, 58
3219, 160, 58
3220, 160, 58
3221, 160, 58
3222, 160, 58
3223, 160, 58
3224, 160, 58
3225, 160, 58
3226, 160, 58
3227, 160, 58
3228, 160, 58
3229, 160, 58
3230, 160, 58
3231, 160, 58
3232, 160, 58
3233, 160, 58
3234, 160, 58
3235, 160, 58
3236, 160, 58
3237, 160, 58
3238, 160, 58
3239, 160, 58
3240, 160, 58
3241, 160, 58
3242, 160, 58
3243, 160, 58
3244, 160, 58
3245, 160, 58
3246, 160, 58
3247, 160, 58
3248, 160, 58
3249, 160, 58
3250, 160, 58
3251, 160, 58
3252, 160, 58
3253, 160, 58
3254, 160, 58
3255, 160, 58
3256, 160, 58
3257, 160, 58
3258, 160, 58
3259, 160, 58
3260, 160, 58
3261, 160, 58
3262, 160, 58
3263, 160, 58
3264, 160, 58
3265, 160, 58
3266, 160, 58
3267, 160, 58
3268, 160, 58
3269, 160, 58
3270, 160, 58
3271, 160, 58
3272, 160, 58
3273, 160, 58
3274, 160, 58
3275, 160, 58
3276, 160, 58
3277, 160, 58
3278, 160, 58
3279, 160, 58
3280, 160, 58
3281, 160, 58
3282, 160, 58
3283, 160, 58
3284, 160, 58
3285, 160, 58
3286, 160, 58
3287, 160, 58
3288, 160, 58
3289, 160, 58
3290, 160, 58
3291, 160, 58
3292, 160, 58
3293, 160, 58
3294, 160, 58
3295, 160, 58
3296, 160, 58
3297, 160, 58
3298, 160, 58
3299, 160, 58
3300, 160, 58
3301, 160, 58
3302, 160, 58
3303, 160, 58
3304, 160, 58
3305, 160, 58
3306, 160, 58
3307, 160, 58
3308, 160, 58
3309, 160, 58
3310, 160, 58
3311, 160, 58
3312, 160, 58
3313, 160, 58
3314, 160, 58
3315, 160, 58
3316, 160, 58
3317, 160, 58
3318, 160, 58
3319, 160, 58
3320, 160, 58
3321, 160, 58
3322, 160, 58
3323, 160, 58
3324, 160, 58
3325, 160, 58
3326, 160, 58
3327, 160, 58
3328, 160, 58
3329, 160, 58
3330, 160, 58
3331, 160, 58
3332, 160, 58
3333, 160, 58
3334, 160, 58
3335, 160, 58
3336, 160, 58
3337, 160, 58
3338, 160, 58
3339, 160, 58
3340, 160, 58
3341, 160, 58
3342, 160, 58
3343, 160, 58
3344, 160, 58
3345, 160, 58
3346, 160, 58
3347, 160, 58
3348, 160, 58
3349, 160, 58
3350, 160, 58
3351, 160, 58
3352, 160, 58
3353, 160, 58
3354, 160, 58
3355, 160, 58
3356, 160, 58
3357, 160, 58
3358, 160, 58
3359, 160, 58
3360, 160, 58
3361, 160, 58
3362, 160, 58
3363, 160, 58
3364, 160, 58
3365, 160, 58
3366, 160, 58
3367, 160, 58
3368, 160, 58
3369, 160, 58
3370, 160, 58
3371, 160, 58
3372, 160, 58
3373, 160, 58
3374, 160, 58
3375, 160, 58
3376, 160, 58
3377, 160, 58
3378, 160, 58
3379, 160, 58
3380, 160, 58
3381, 160, 58
3382, 160, 58
3383, 160, 58
3384, 160, 58
3385, 160, 58
3386, 160, 58
3387, 160, 58
3388, 160, 58
3389, 160, 58
3390, 160, 58
3391, 160, 58
3392, 160, 58
3393, 160, 58
3394, 160, 58
3395, 160, 58
3396, 160, 58
3397, 160, 58
3398, 160, 58
3399, 160, 58
3400, 160, 58
3401, 160, 58
3402, 160, 58
3403, 160, 58
3404, 160, 58
3405, 160, 58
3406, 160, 58
3407, 160, 58
3408, 160, 58
3409, 160, 58
3410, 160, 58
3411, 160, 58
3412, 160, 58
3413, 160, 58
3414, 160, 58
3415, 160, 58
3416, 160, 58
3417, 160, 58
3418, 160, 58
3419, 160, 58
3420, 160, 58
3421, 160, 58
3422, 160, 58
3423, 160, 58
3424, 160, 58
3425, 160, 58
3426, 160, 58
3427, 160, 58
3428, 160, 58
3429, 160, 58
3430, 160, 58
3431, 160, 58
3432, 160, 58
3433, 160, 58
3434, 160, 58
3435, 160, 58
3436, 160, 58
3437, 160, 58
3438, 160, 58
3439, 160, 58
3440, 160, 58
3441, 160, 58
3442, 160, 58
3443, 160, 58
3444, 160, 58
3445, 160, 58
3446, 160, 58
3447, 160, 58
3448, 160, 58
3449, 160, 58
3450, 160, 58
3451, 160, 58
3452, 160, 58
3453, 160, 58
3454, 160, 58
3455, 160, 58
3456, 160, 58
3457, 160, 58
3458, 160, 58
3459, 160, 58
3460, 160, 58
3461, 160, 58
3462, 160, 58
3463, 160, 58
3464, 160, 58
3465, 160, 58
3466, 160, 58
3467, 160, 58
3468, 160, 58
3469, 160, 58
3470, 160, 58
3471, 160, 58
3472, 160, 58
3473, 160, 58
3474, 160, 58
3475, 160, 58
3476, 160, 58
3477, 160, 58
3478, 160, 58
3479, 160, 58
3480, 160, 58
3481, 160, 58
3482, 160, 58
3483, 160, 58
3484, 160, 58
3485, 160, 58
3486, 160, 58
3487, 160, 58
3488, 160, 58
3489, 160, 58
3490, 160, 58
3491, 160, 58
3492, 160, 58
3493, 160, 58
3494, 160, 58
3495, 160, 58
3496, 160, 58
3497, 160, 58
3498, 160, 58
3499, 160, 58
3500, 160, 58
3501, 160, 58
3502, 160, 58
3503, 160, 58
3504, 160, 58
3505, 160, 58
3506, 160, 58
3507, 160, 58
3508, 160, 58
3509, 160, 58
3510, 160, 58
3511, 160, 58
3512, 160, 58
3513, 160, 58
3514, 160, 58
3515, 160, 58
3516, 160, 58
3517, 160, 58
3518, 160, 58
3519, 160, 58
3520, 160, 58
3521, 160, 58
3522, 160, 58
3523, 160, 58
3524, 160, 58
3525, 160, 58
3526, 160, 58
3527, 160, 58
3528, 160, 58
3529, 160, 58
3530, 160, 58
3531, 160, 58
3532, 160, 58
3533, 160, 58
3534, 160, 58
3535, 160, 58
3536, 160, 58
3537, 160, 58
3538, 160, 58
3539, 160, 58
3540, 160, 58
3541, 160, 58
3542, 160, 58
3543, 160, 58
3544, 160, 58
3545, 160, 58
3546, 160, 58
3547, 160, 58
3548, 160, 58
3549, 160, 58
3550, 160, 58
3551, 160, 58
3552, 160, 58
3553, 160, 58
3554, 160, 58
3555, 160, 58
3556, 160, 58
3557, 160, 58
3558, 160, 58
3559, 160, 58
3560, 160, 58
3561, 160, 58
3562, 160, 58
3563, 160, 58
3564, 160, 58
3565, 160, 58
3566, 160, 58
3567, 160, 58
3568, 160, 58
3569, 160, 58
3570, 160, 58
3571, 160, 58
3572, 160, 58
3573, 160, 58
3574, 160, 58
3575, 160, 58
3576, 160, 58
3577, 160, 58
3578, 160, 58
3579, 160, 58
3580, 160, 58
3581, 160, 58
3582, 160, 58
3583, 160, 58
3584, 160, 58
3585, 160, 58
3586, 160, 58
3587, 160, 58
3588, 160, 58
3589, 160, 58
3590, 160, 58
3591, 160, 58
3592, 160, 58
3593, 160, 58
3594, 160, 58
3595, 160, 58
3596, 160, 58
3597, 160, 58
3598, 160, 58
3599, 160, 58
3600, 160, 58
3601, 160, 58
3602, 160, 58
3603, 160, 58
3604, 160, 58
3605, 160, 58
3606, 160, 58
3607, 160, 58
3608, 160, 58
3609, 160, 58
3610, 160, 58
3611, 160, 58
3612, 160, 58
3613, 160, 58
3614, 160, 58
3615, 160, 58
3616, 160, 58
3617, 160, 58
3618, 160, 58
3619, 160, 58
3620, 160, 58
3621, 160, 58
3622, 160, 58
3623, 160, 58
3624, 160, 58
3625, 160, 58
3626, 160, 58
3627, 160, 58
3628, 160, 58
3629, 160, 58
3630, 160, 58
3631, 160, 58
3632, 160, 58
3633, 160, 58
3634, 160, 58
3635, 160, 58
3636, 160, 58
3637, 160, 58
3638, 160, 58
3639, 160, 58
3640, 160, 58
3641, 160, 58
3642, 160, 58
3643, 160, 58
3644, 160, 58
3645, 160, 58
3646, 160, 58
3647, 160, 58
3648, 160, 58
3649, 160, 58
3650, 160, 58
3651, 160, 58
3652, 160, 58
3653, 160, 58
3654, 160, 58
3655, 160, 58
3656, 160, 58
3657, 160, 58
3658, 160, 58
3659, 160, 58
3660, 160, 58
3661, 160, 58
3662, 160, 58
3663, 160, 58
3664, 160, 58
3665, 160, 58
3666, 160, 58
3667, 160, 58
3668, 160, 58
3669, 160, 58
3670, 160, 58
3671, 160, 58
3672, 160, 58
3673, 160, 58
3674, 160, 58
3675, 160, 58
3676, 160, 58
3677, 160, 58
3678, 160, 58
3679, 160, 58
3680, 160, 58
3681, 160, 58
3682, 160, 58
3683, 160, 58
3684, 160, 58
3685, 160, 58
3686, 160, 58
3687, 160, 58
3688, 160, 58
3689, 160, 58
3690, 160, 58
3691, 160, 58
3692, 160, 58
3693, 160, 58
3694, 160, 58
3695, 160, 58
3696, 160, 58
3697, 160, 58
3698, 160, 58
3699, 160, 58
3700, 160, 58
3701, 160, 58
3702, 160, 58
3703, 160, 58
3704, 160, 58
3705, 160, 58
3706, 160, 58
3707, 160, 58
3708, 160, 58
3709, 160, 58
3710, 160, 58
3711, 160, 58
3712, 160, 58
3713, 160, 58
3714, 160, 58
3715, 160, 58
3716, 160, 58
3717, 160, 58
3718, 160, 58
3719, 160, 58
3720, 160, 58
3721, 160, 58
3722, 160, 58
3723, 160, 58
3724, 160, 58
3725, 160, 58
3726, 160, 58
3727, 160, 58
3728, 160, 58
3729, 160, 58
3730, 160, 58
3731, 160, 58
3732, 160, 58
3733, 160, 58
3734, 160, 58
3735, 160, 58
3736, 160, 58
3737, 160, 58
3738, 160, 58
3739, 160, 58
3740, 160, 58
3741, 160, 58
3742, 160, 58
3743, 160, 58
3744, 160, 58
3745, 160, 58
3746, 160, 58
3747, 160, 58
3748, 160, 58
3749, 160, 58
3750, 160, 58
3751, 160, 58
3752, 160, 58
3753, 160, 58
3754, 160, 58
3755, 160, 58
3756, 160, 58
3757, 160, 58
3758, 160, 58
3759, 160, 58
3760, 160, 58
3761, 160, 58
3762, 160, 58
3763, 160, 58
3764, 160, 58
3765, 160, 58
3766, 160, 58
3767, 160, 58
3768, 160, 58
3769, 160, 58
3770, 160, 58
3771, 160, 58
3772, 160, 58
3773, 160, 58
3774, 160, 58
3775, 160, 58
3776, 160, 58
3777, 160, 58
3778, 160, 58
3779, 160, 58
3780, 160, 58
3781, 160, 58
3782, 160, 58
3783, 160, 58
3784, 160, 58
3785, 160, 58
3786, 160, 58
3787, 160, 58
3788, 160, 58
3789, 160, 58
3790, 160, 58
3791, 160, 58
3792, 160, 58
3793, 160, 58
3794, 160, 58
3795, 160, 58
3796, 160, 58
3797, 160, 58
3798, 160, 58
3799, 160, 58
3800, 160, 58
3801, 160, 58
3802, 160, 58
3803, 160, 58
3804, 160, 58
3805, 160, 58
3806, 160, 58
3807, 160, 58
3808, 160, 58
3809, 160, 58
3810, 160, 58
3811, 160, 58
3812, 160, 58
3813, 160, 58
3814, 160, 58
3815, 160, 58
3816, 160, 58
3817, 160, 58
3818, 160, 58
3819, 160, 58
3820, 160, 58
3821, 160, 58
3822, 160, 58
3823, 160, 58
3824, 160, 58
3825, 160, 58
3826, 160, 58
3827, 160, 58
3828, 160, 58
3829, 160, 58
3830, 160, 58
3831, 160, 58
3832, 160, 58
3833, 160, 58
3834, 160, 58
3835, 160, 58
3836, 160, 58
3837, 160, 58
3838, 160, 58
3839, 160, 58
3840, 160, 58
3841, 160, 58
3842, 160, 58
3843, 160, 58
3844, 160, 58
3845, 160, 58
3846, 160, 58
3847, 160, 58
3848, 160, 58
3849, 160, 58
3850, 160, 58
3851, 160, 58
3852, 160, 58
3853, 160, 58
3854, 160, 58
3855, 160, 58
3856, 160, 58
3857, 160, 58
3858, 160, 58
3859, 160, 58
3860, 160, 58
3861, 160, 58
3862, 160, 58
3863, 160, 58
3864, 160, 58
3865, 160, 58
3866, 160, 58
3867, 160, 58
3868, 160, 58
3869, 160, 58
3870, 160, 58
3871, 160, 58
3872, 160, 58
3873, 160, 58
3874, 160, 58
3875, 160, 58
3876, 160, 58
3877, 160, 58
3878, 160, 58
3879, 160, 58
3880, 160, 58
3881, 160, 58
3882, 160, 58
3883, 160, 58
3884, 160, 58
3885, 160, 58
3886, 160, 58
3887, 160, 58
3888, 160, 58
3889, 160, 58
3890, 160, 58
3891, 160, 58
3892, 160, 58
3893, 160, 58
3894, 160, 58
3895, 160, 58
3896, 160, 58
3897, 160, 58
3898, 160, 58
3899, 160, 58
3900, 160, 58
3901, 160, 58
3902, 160, 58
3903, 160, 58
3904, 160, 58
3905, 160, 58
3906, 160, 58
3907, 160, 58
3908, 160, 58
3909, 160, 58
3910, 160, 58
3911, 160, 58
3912, 160, 58
3913, 160, 58
3914, 160, 58
3915, 160, 58
3916, 160, 58
3917, 160, 58
3918, 160, 58
3919, 160, 58
3920, 160, 58
3921, 160, 58
3922, 160, 58
3923, 160, 58
3924, 160, 58
3925, 160, 58
3926, 160, 58
3927, 160, 58
3928, 160, 58
3929, 160, 58
3930, 160, 58
3931, 160, 58
3932, 160, 58
3933, 160, 58
3934, 160, 58
3935, 160, 58
3936, 160, 58
3937, 160, 58
3938, 160, 58
3939, 160, 58
3940, 160, 58
3941, 160, 58
3942, 160, 58
3943, 160, 58
3944, 160, 58
3945, 160, 58
3946, 160, 58
3947, 160, 58
3948, 160, 58
3949, 160, 58
3950, 160, 58
3951, 160, 58
3952, 160, 58
3953, 160, 58
3954, 160, 58
3955, 160, 58
3956, 160, 58
3957, 160, 58
3958, 160, 58
3959, 160, 58
3960, 160, 58
3961, 160, 58
3962, 160, 58
3963, 160, 58
3964, 160, 58
3965, 160, 58
3966, 160, 58
3967, 160, 58
3968, 160, 58
3969, 160, 58
3970, 160, 58
3971, 160, 58
3972, 160, 58
3973, 160, 58
3974, 160, 58
3975, 160, 58
3976, 160, 58
3977, 160, 58
3978, 160, 58
3979, 160, 58
3980, 160, 58
3981, 160, 58
3982, 160, 58
3983, 160, 58
3984, 160, 58
3985, 160, 58
3986, 160, 58
3987, 160, 58
3988, 160, 58
3989, 160, 58
3990, 160, 58
3991, 160, 58
3992, 160, 58
3993, 160, 58
3994, 160, 58
3995, 160, 58
3996, 160, 58
3997, 160, 58
3998, 160, 58
3999, 160, 58
4000, 160, 58
4001, 160, 58
4002, 160, 58
4003, 160, 58
4004, 160, 58
4005, 160, 58
4006, 160, 58
4007, 160, 58
4008, 160, 58
4009, 160, 58
4010, 160, 58
4011, 160, 58
4012, 160, 58
4013, 160, 58
4014, 160, 58
4015, 160, 58
4016, 160, 58
4017, 160, 58
4018, 160, 58
4019, 160, 58
4020, 160, 58
4021, 160, 58
4022, 160, 58
4023, 160, 58
4024, 160, 58
4025, 160, 58
4026, 160, 58
4027, 160, 58
4028, 160, 58
4029, 160, 58
4030, 160, 58
4031, 160, 58
4032, 160, 58
4033, 160, 58
4034, 160, 58
4035, 160, 58
4036, 160, 58
4037, 160, 58
4038, 160, 58
4039, 160, 58
4040, 160, 58
4041, 160, 58
4042, 160, 58
4043, 160, 58
4044, 160, 58
4045, 160, 58
4046, 160, 58
4047, 160, 58
4048, 160, 58
4049, 160, 58
4050, 160, 58
4051, 160, 58
4052, 160, 58
4053, 160, 58
4054, 160, 58
4055, 160, 58
4056, 160, 58
4057, 160, 58
4058, 160, 58
4059, 160, 58
4060, 160, 58
4061, 160, 58
4062, 160, 58
4063, 160, 58
4064, 160, 58
4065, 160, 58
4066, 160, 58
4067, 160, 58
4068, 160, 58
4069, 160, 58
4070, 160, 58
4071, 160, 58
4072, 160, 58
4073, 160, 58
4074, 160, 58
4075, 160, 58
4076, 160, 58
4077, 160, 58
4078, 160, 58
4079, 160, 58
4080, 160, 58
4081, 160, 58
4082, 160, 58
4083, 160, 58
4084, 160, 58
4085, 160, 58
4086, 160, 58
4087, 160, 58
4088, 160, 58
4089, 160, 58
4090, 160, 58
4091, 160, 58
4092, 160, 58
4093, 160, 58
4094, 160, 58
4095, 160, 58
4096, 160, 58
4097, 160, 58
4098, 160, 58
4099, 160, 58
4100, 160, 58
4101, 160, 58
4102, 160, 58
4103, 160, 58
4104, 160, 58
4105, 160, 58
4106, 160, 58
4107, 160, 58
4108, 160, 58
4109, 160, 58
4110, 160, 58
4111, 160, 58
4112, 160, 58
4113, 160, 58
4114, 160, 58
4115, 160, 58
4116, 160, 58
4117, 160, 58
4118, 160, 58
4119, 160, 58
4120, 160, 58
4121, 160, 58
4122, 160, 58
4123, 160, 58
4124, 160, 58
4125, 160, 58
4126, 160, 58
4127, 160, 58
4128, 160, 58
4129, 160, 58
4130, 160, 58
4131, 160, 58
4132, 160, 58
4133, 160, 58
4134, 160, 58
4135, 160, 58
4136, 160, 58
4137, 160, 58
4138, 160, 58
4139, 160, 58
4140, 160, 58
4141, 160, 58
4142, 160, 58
4143, 160, 58
4144, 160, 58
4145, 160, 58
4146, 160, 58
4147, 160, 58
4148, 160, 58
4149, 160, 58
4150, 160, 58
4151, 160, 58
4152, 160, 58
4153, 160, 58
4154, 160, 58
4155, 160, 58
4156, 160, 58
4157, 160, 58
4158, 160, 58
4159, 160, 58
4160, 160, 58
4161, 160, 58
4162, 160, 58
4163, 160, 58
4164, 160, 58
4165, 160, 58
4166, 160, 58
4167, 160, 58
4168, 160, 58
4169, 160, 58
4170, 160, 58
4171, 160, 58
4172, 160, 58
4173, 160, 58
4174, 160, 58
4175, 160, 58
4176, 160, 58
4177, 160, 58
4178, 160, 58
4179, 160, 58
4180, 160, 58
4181, 160, 58
4182, 160, 58
4183, 160, 58
4184, 160, 58
4185, 160, 58
4186, 160, 58
4187, 160, 58
4188, 160, 58
4189, 160, 58
4190, 160, 58
4191, 160, 58
4192, 160, 58
4193, 160, 58
4194, 160, 58
4195, 160, 58
4196, 160, 58
4197, 160, 58
4198, 160, 58
4199, 160, 58
4200, 160, 58
4201, 160, 58
4202, 160, 58
4203, 160, 58
4204, 160, 58
4205, 160, 58
4206, 160, 58
4207, 160, 58
4208, 160, 58
4209, 160, 58
4210, 160, 58
4211, 160, 58
4212, 160, 58
4213, 160, 58
4214, 160, 58
4215, 160, 58
4216, 160, 58
4217, 160, 58
4218, 160, 58
4219, 160, 58
4220, 160, 58
4221, 160, 58
4222, 160, 58
4223, 160, 58
4224, 160, 58
4225, 160, 58
4226, 160, 58
4227, 160, 58
4228, 160, 58
4229, 160, 58
4230, 160, 58
4231, 160, 58
4232, 160, 58
4233, 160, 58
4234, 160, 58
4235, 160, 58
4236, 160, 58
4237, 160, 58
4238, 160, 58
4239, 160, 58
4240, 160, 58
4241, 160, 58
4242, 160, 58
4243, 160, 58
4244, 160, 58
4245, 160, 58
4246, 160, 58
4247, 160, 58
4248, 160, 58
4249, 160, 58
4250, 160, 58
4251, 160, 58
4252, 160, 58
4253, 160, 58
4254, 160, 58
4255, 160, 58
4256, 160, 58
4257, 160, 58
4258, 160, 58
4259, 160, 58
4260, 160, 58
4261, 160, 58
4262, 160, 58
4263, 160, 58
4264, 160, 58
4265, 160, 58
4266, 160, 58
4267, 160, 58
4268, 160, 58
4269, 160, 58
4270, 160, 58
4271, 160, 58
4272, 160, 58
4273, 160, 58
4274, 160, 58
4275, 160, 58
4276, 160, 58
4277, 160, 58
4278, 160, 58
4279, 160, 58
4280, 160, 58
4281, 160, 58
4282, 160, 58
4283, 160, 58
4284, 160, 58
4285, 160, 58
4286, 160, 58
4287, 160, 58
4288, 160, 58
4289, 160, 58
4290, 160, 58
4291, 160, 58
4292, 160, 58
4293, 160, 58
4294, 160, 58
4295, 160, 58
4296, 160, 58
4297, 160, 58
4298, 160, 58
4299, 160, 58
4300, 160, 58
4301, 160, 58
4302, 160, 58
4303, 160, 58
4304, 160, 58
4305, 160, 58
4306, 160, 58
4307, 160, 58
4308, 160, 58
4309, 160, 58
4310, 160, 58
4311, 160, 58
4312, 160, 58
4313, 160, 58
4314, 160, 58
4315, 160, 58
4316, 160, 58
4317, 160, 58
4318, 160, 58
4319, 160, 58
4320, 160, 58
4321, 160, 58
4322, 160, 58
4323, 160, 58
4324, 160, 58
4325, 160, 58
4326, 160, 58
4327, 160, 58
4328, 160, 58
4329, 160, 58
4330, 160, 58
4331, 160, 58
4332, 160, 58
4333, 160, 58
4334, 160, 58
4335, 160, 58
4336, 160, 58
4337, 160, 58
4338, 160, 58
4339, 160, 58
4340, 160, 58
4341, 160, 58
4342, 160, 58
4343, 160, 58
4344, 160, 58
4345, 160, 58
4346, 160, 58
4347, 160, 58
4348, 160, 58
4349, 160, 58
4350, 160, 58
4351, 160, 58
4352, 160, 58
4353, 160, 58
4354, 160, 58
4355, 160, 58
4356, 160, 58
4357, 160, 58
4358, 160, 58
4359, 160, 58
4360, 160, 58
4361, 160, 58
4362, 160, 58
4363, 160, 58
4364, 160, 58
4365, 160, 58
4366, 160, 58
4367, 160, 58
4368, 160, 58
4369, 160, 58
4370, 160, 58
4371, 160, 58
4372, 160, 58
4373, 160, 58
4374, 160, 58
4375, 160, 58
4376, 160, 58
4377, 160, 58
4378, 160, 58
4379, 160, 58
4380, 160, 58
4381, 160, 58
4382, 160, 58
4383, 160, 58
4384, 160, 58
4385, 160, 58
4386, 160, 58
4387, 160, 58
4388, 160, 58
4389, 160, 58
4390, 160, 58
4391, 160, 58
4392, 160, 58
4393, 160, 58
4394, 160, 58
4395, 160, 58
4396, 160, 58
4397, 160, 58
4398, 160, 58
4399, 160, 58
4400, 160, 58
4401, 160, 58
4402, 160, 58
4403, 160, 58
4404, 160, 58
4405, 160, 58
4406, 160, 58
4407, 160, 58
4408, 160, 58
4409, 160, 58
4410, 160, 58
4411, 160, 58
4412, 160, 58
4413, 160, 58
4414, 160, 58
4415, 160, 58
4416, 160, 58
4417, 160, 58
4418, 160, 58
4419, 160, 58
4420, 160, 58
4421, 160, 58
4422, 160, 58
4423, 160, 58
4424, 160, 58
4425, 160, 58
4426, 160, 58
4427, 160, 58
4428, 160, 58
4429, 160, 58
4430, 160, 58
4431, 160, 58
4432, 160, 58
4433, 160, 58
4434, 160, 58
4435, 160, 58
4436, 160, 58
4437, 160, 58
4438, 160, 58
4439, 160, 58
4440, 160, 58
4441, 160, 58
4442, 160, 58
4443, 160, 58
4444, 160, 58
4445, 160, 58
4446, 160, 58
4447, 160, 58
4448, 160, 58
4449, 160, 58
4450, 160, 58
4451, 160, 58
4452, 160, 58
4453, 160, 58
4454, 160, 58
4455, 160, 58
4456, 160, 58
4457, 160, 58
4458, 160, 58
4459, 160, 58
4460, 160, 58
4461, 160, 58
4462, 160, 58
4463, 160, 58
4464, 160, 58
4465, 160, 58
4466, 160, 58
4467, 160, 58
4468, 160, 58
4469, 160, 58
4470, 160, 58
4471, 160, 58
4472, 160, 58
4473, 160, 58
4474, 160, 58
4475, 160, 58
4476, 160, 58
4477, 160, 58
4478, 160, 58
4479, 160, 58
4480, 160, 58
4481, 160, 58
4482, 160, 58
4483, 160, 58
4484, 160, 58
4485, 160, 58
4486, 160, 58
4487, 160, 58
4488, 160, 58
4489, 160, 58
4490, 160, 58
4491, 160, 58
4492, 160, 58
4493, 160, 58
4494, 160, 58
4495, 160, 58
4496, 160, 58
4497, 160, 58
4498, 160, 58
4499, 160, 58
4500, 160, 58
4501, 160, 58
4502, 160, 58
4503, 160, 58
4504, 160, 58
4505, 160, 58
4506, 160, 58
4507, 160, 58
4508, 160, 58
4509, 160, 58
4510, 160, 58
4511, 160, 58
4512, 160, 58
4513, 160, 58
4514, 160, 58
4515, 160, 58
4516, 160, 58
4517, 160, 58
4518, 160, 58
4519, 160, 58
4520, 160, 58
4521, 160, 58
4522, 160, 58
4523, 160, 58
4524, 160, 58
4525, 160, 58
4526, 160, 58
4527, 160, 58
4528, 160, 58
4529, 160, 58
4530, 160, 58
4531, 160, 58
4532, 160, 58
4533, 160, 58
4534, 160, 58
4535, 160, 58
4536, 160, 58
4537, 160, 58
4538, 160, 58
4539, 160, 58
4540, 160, 58
4541, 160, 58
4542, 160, 58
4543, 160, 58
4544, 160, 58
4545, 160, 58
4546, 160, 58
4547, 160, 58
4548, 160, 58
4549, 160, 58
4550, 160, 58
4551, 160, 58
4552, 160, 58
4553, 160, 58
4554, 160, 58
4555, 160, 58
4556, 160, 58
4557, 160, 58
4558, 160, 58
4559, 160, 58
4560, 160, 58
4561, 160, 58
4562, 160, 58
4563, 160, 58
4564, 160, 58
4565, 160, 58
4566, 160, 58
4567, 160, 58
4568, 160, 58
4569, 160, 58
4570, 160, 58
4571, 160, 58
4572, 160, 58
4573, 160, 58
4574, 160, 58
4575, 160, 58
4576, 160, 58
4577, 160, 58
4578, 160, 58
4579, 160, 58
4580, 160, 58
4581, 160, 58
4582, 160, 58
4583, 160, 58
4584, 160, 58
4585, 160, 58
4586, 160, 58
4587, 160, 58
4588, 160, 58
4589, 160, 58
4590, 160, 58
4591, 160, 58
4592, 160, 58
4593, 160, 58
4594, 160, 58
4595, 160, 58
4596, 160, 58
4597, 160, 58
4598, 160, 58
4599, 160, 58
4600, 160, 58
4601, 160, 58
4602, 160, 58
4603, 160, 58
4604, 160, 58
4605, 160, 58
4606, 160, 58
4607, 160, 58
4608, 160, 58
4609, 160, 58
4610, 160, 58
4611, 160, 58
4612, 160, 58
4613, 160, 58
4614, 160, 58
4615, 160, 58
4616, 160, 58
4617, 160, 58
4618, 160, 58
4619, 160, 58
4620, 160, 58
4621, 160, 58
4622, 160, 58
4623, 160, 58
4624, 160, 58
4625, 160, 58
4626, 160, 58
4627, 160, 58
4628, 160, 58
4629, 160, 58
4630, 160, 58
4631, 160, 58
4632, 160, 58
4633, 160, 58
4634, 160, 58
4635, 160, 58
4636, 160, 58
4637, 160, 58
4638, 160, 58
4639, 160, 58
4640, 160, 58
4641, 160, 58
4642, 160, 58
4643, 160, 58
4644, 160, 58
4645, 160, 58
4646, 160, 58
4647, 160, 58
4648, 160, 58
4649, 160, 58
4650, 160, 58
4651, 160, 58
4652, 160, 58
4653, 160, 58
4654, 160, 58
4655, 160, 58
4656, 160, 58
4657, 160, 58
4658, 160, 58
4659, 160, 58
4660, 160, 58
4661, 160, 58
4662, 160, 58
4663, 160, 58
4664, 160, 58
4665, 160, 58
4666, 160, 58
4667, 160, 58
4668, 160, 58
4669, 160, 58
4670, 160, 58
4671, 160, 58
4672, 160, 58
4673, 160, 58
4674, 160, 58
4675, 160, 58
4676, 160, 58
4677, 160, 58
4678, 160, 58
4679, 160, 58
4680, 160, 58
4681, 160, 58
4682, 160, 58
4683, 160, 58
4684, 160, 58
4685, 160, 58
4686, 160, 58
4687, 160, 58
4688, 160, 58
4689, 160, 58
4690, 160, 58
4691, 160, 58
4692, 160, 58
4693, 160, 58
4694, 160, 58
4695, 160, 58
4696, 160, 58
4697, 160, 58
4698, 160, 58
4699, 160, 58
4700, 160, 58
4701, 160, 58
4702, 160, 58
4703, 160, 58
4704, 160, 58
4705, 160, 58
4706, 160, 58
4707, 160, 58
4708, 160, 58
4709, 160, 58
4710, 160, 58
4711, 160, 58
4712, 160, 58
4713, 160, 58
4714, 160, 58
4715, 160, 58
4716, 160, 58
4717, 160, 58
4718, 160, 58
4719, 160, 58
4720, 160, 58
4721, 160, 58
4722, 160, 58
4723, 160, 58
4724, 160, 58
4725, 160, 58
4726, 160, 58
4727, 160, 58
4728, 160, 58
4729, 160, 58
4730, 160, 58
4731, 160, 58
4732, 160, 58
4733, 160, 58
4734, 160, 58
4735, 160, 58
4736, 160, 58
4737, 160, 58
4738, 160, 58
4739, 160, 58
4740, 160, 58
4741, 160, 58
4742, 160, 58
4743, 160, 58
4744, 160, 58
4745, 160, 58
4746, 160, 58
4747, 160, 58
4748, 160, 58
4749, 160, 58
4750, 160, 58
4751, 160, 58
4752, 160, 58
4753, 160, 58
4754, 160, 58
4755, 160, 58
4756, 160, 58
4757, 160, 58
4758, 160, 58
4759, 160, 58
4760, 160, 58
4761, 160, 58
4762, 160, 58
4763, 160, 58
4764, 160, 58
4765, 160, 58
4766, 160, 58
4767, 160, 58
4768, 160, 58
4769, 160, 58
4770, 160, 58
4771, 160, 58
4772, 160, 58
4773, 160, 58
4774, 160, 58
4775, 160, 58
4776, 160, 58
4777, 160, 58
4778, 160, 58
4779, 160, 58
4780, 160, 58
4781, 160, 58
4782, 160, 58
4783, 160, 58
4784, 160, 58
4785, 160, 58
4786, 160, 58
4787, 160, 58
4788, 160, 58
4789, 160, 58
4790, 160, 58
4791, 160, 58
4792, 160, 58
4793, 160, 58
4794, 160, 58
4795, 160, 58
4796, 160, 58
4797, 160, 58
4798, 160, 58
4799, 160, 58
4800, 160, 58
4801, 160, 58
4802, 160, 58
4803, 160, 58
4804, 160, 58
4805, 160, 58
4806, 160, 58
4807, 160, 58
4808, 160, 58
4809, 160, 58
4810, 160, 58
4811, 160, 58
4812, 160, 58
4813, 160, 58
4814, 160, 58
4815, 160, 58
4816, 160, 58
4817, 160, 58
4818, 160, 58
4819, 160, 58
4820, 160, 58
4821, 160, 58
4822, 160, 58
4823, 160, 58
4824, 160, 58
4825, 160, 58
4826, 160, 58
4827, 160, 58
4828, 160, 58
4829, 160, 58
4830, 160, 58
4831, 160, 58
4832, 160, 58
4833, 160, 58
4834, 160, 58
4835, 160, 58
4836, 160, 58
4837, 160, 58
4838, 160, 58
4839, 160, 58
4840, 160, 58
4841, 160, 58
4842, 160, 58
4843, 160, 58
4844, 160, 58
4845, 160, 58
4846, 160, 58
4847, 160, 58
4848, 160, 58
4849, 160, 58
4850, 160, 58
4851, 160, 58
4852, 160, 58
4853, 160, 58
4854, 160, 58
4855, 160, 58
4856, 160, 58
4857, 160, 58
4858, 160, 58
4859, 160, 58
4860, 160, 58
4861, 160, 58
4862, 160, 58
4863, 160, 58
4864, 160, 58
4865, 160, 58
4866, 160, 58
4867, 160, 58
4868, 160, 58
4869, 160, 58
4870, 160, 58
4871, 160, 58
4872, 160, 58
4873, 160, 58
4874, 160, 58
4875, 160, 58
4876, 160, 58
4877, 160, 58
4878, 160, 58
4879, 160, 58
4880, 160, 58
4881, 160, 58
4882, 160, 58
4883, 160, 58
4884, 160, 58
4885, 160, 58
4886, 160, 58
4887, 160, 58
4888, 160, 58
4889, 160, 58
4890, 160, 58
4891, 160, 58
4892, 160, 58
4893, 160, 58
4894, 160, 58
4895, 160, 58
4896, 160, 58
4897, 160, 58
4898, 160, 58
4899, 160, 58
4900, 160, 58
4901, 160, 58
4902, 160, 58
4903, 160, 58
4904, 160, 58
4905, 160, 58
4906, 160, 58
4907, 160, 58
4908, 160, 58
4909, 160, 58
4910, 160, 58
4911, 160, 58
4912, 160, 58
4913, 160, 58
4914, 160, 58
4915, 160, 58
4916, 160, 58
4917, 160, 58
4918, 160, 58
4919, 160, 58
4920, 160, 58
4921, 160, 58
4922, 160, 58
4923, 160, 58
4924, 160, 58
4925, 160, 58
4926, 160, 58
4927, 160, 58
4928, 160, 58
4929, 160, 58
4930, 160, 58
4931, 160, 58
4932, 160, 58
4933, 160, 58
4934, 160, 58
4935, 160, 58
4936, 160, 58
4937, 160, 58
4938, 160, 58
4939, 160, 58
4940, 160, 58
4941, 160, 58
4942, 160, 58
4943, 160, 58
4944, 160, 58
4945, 160, 58
4946, 160, 58
4947, 160, 58
4948, 160, 58
4949, 160, 58
4950, 160, 58
4951, 160, 58
4952, 160, 58
4953, 160, 58
4954, 160, 58
4955, 160, 58
4956, 160, 58
4957, 160, 58
4958, 160, 58
4959, 160, 58
4960, 160, 58
4961, 160, 58
4962, 160, 58
4963, 160, 58
4964, 160, 58
4965, 160, 58
4966, 160, 58
4967, 160, 58
4968, 160, 58
4969, 160, 58
4970, 160, 58
4971, 160, 58
4972, 160, 58
4973, 160, 58
4974, 160, 58
4975, 160, 58
4976, 160, 58
4977, 160, 58
4978, 160, 58
4979, 160, 58
4980, 160, 58
4981, 160, 58
4982, 160, 58
4983, 160, 58
4984, 160, 58
4985, 160, 58
4986, 160, 58
4987, 160, 58
4988, 160, 58
4989, 160, 58
4990, 160, 58
4991, 160, 58
4992, 160, 58
4993, 160, 58
4994, 160, 58
4995, 160, 58
4996, 160, 58
4997, 160, 58
4998, 160, 58
4999, 160, 58
5000, 160, 58
5001, 160, 58
5002, 160, 58
5003, 160, 58
5004, 160, 58
5005, 160, 58
5006, 160, 58
5007, 160, 58
5008, 160, 58
5009, 160, 58
5010, 160, 58
5011, 160, 58
5012, 160, 58
5013, 160, 58
5014, 160, 58
5015, 160, 58
5016, 160, 58
5017, 160, 58
5018, 160, 58
5019, 160, 58
5020, 160, 58
5021, 160, 58
5022, 160, 58
5023, 160, 58
5024, 160, 58
5025, 160, 58
5026, 160, 58
5027, 160, 58
5028, 160, 58
5029, 160, 58
5030, 160, 58
5031, 160, 58
5032, 160, 58
5033, 160, 58
5034, 160, 58
5035, 160, 58
5036, 160, 58
5037, 160, 58
5038, 160, 58
5039, 160, 58
5040, 160, 58
5041, 160, 58
5042, 160, 58
5043, 160, 58
5044, 160, 58
5045, 160, 58
5046, 160, 58
5047, 160, 58
5048, 160, 58
5049, 160, 58
5050, 160, 58
5051, 160, 58
5052, 160, 58
5053, 160, 58
5054, 160, 58
5055, 160, 58
5056, 160, 58
5057, 160, 58
5058, 160, 58
5059, 160, 58
5060, 160, 58
5061, 160, 58
5062, 160, 58
5063, 160, 58
5064, 160, 58
5065, 160, 58
5066, 160, 58
5067, 160, 58
5068, 160, 58
5069, 160, 58
5070, 160, 58
5071, 160, 58
5072, 160, 58
5073, 160, 58
5074, 160, 58
5075, 160, 58
5076, 160, 58
5077, 160, 58
5078, 160, 58
5079, 160, 58
5080, 160, 58
5081, 160, 58
5082, 160, 58
5083, 160, 58
5084, 160, 58
5085, 160, 58
5086, 160, 58
5087, 160, 58
5088, 160, 58
5089, 160, 58
5090, 160, 58
5091, 160, 58
5092, 160, 58
5093, 160, 58
5094, 160, 58
5095, 160, 58
5096, 160, 58
5097, 160, 58
5098, 160, 58
5099, 160, 58
5100, 160, 58
5101, 160, 58
5102, 160, 58
5103, 160, 58
5104, 160, 58
5105, 160, 58
5106, 160, 58
5107, 160, 58
5108, 160, 58
5109, 160, 58
5110, 160, 58
5111, 160, 58
5112, 160, 58
5113, 160, 58
5114, 160, 58
5115, 160, 58
5116, 160, 58
5117, 160, 58
5118, 160, 58
5119, 160, 58
5120, 160, 58
5121, 160, 58
5122, 160, 58
5123, 160, 58
5124, 160, 58
5125, 160, 58
5126, 160, 58
5127, 160, 58
5128, 160, 58
5129, 160, 58
5130, 160, 58
5131, 160, 58
5132, 160, 58
5133, 160, 58
5134, 160, 58
5135, 160, 58
5136, 160, 58
5137, 160, 58
5138, 160, 58
5139, 160, 58
5140, 160, 58
5141, 160, 58
5142, 160, 58
5143, 160, 58
5144, 160, 58
5145, 160, 58
5146, 160, 58
5147, 160, 58
5148, 160, 58
5149, 160, 58
5150, 160, 58
5151, 160, 58
5152, 160, 58
5153, 160, 58
5154, 160, 58
5155, 160, 58
5156, 160, 58
5157, 160, 58
5158, 160, 58
5159, 160, 58
5160, 160, 58
5161, 160, 58
5162, 160, 58
5163, 160, 58
5164, 160, 58
5165, 160, 58
5166, 160, 58
5167, 160, 58
5168, 160, 58
5169, 160, 58
5170, 160, 58
5171, 160, 58
5172, 160, 58
5173, 160, 58
5174, 160, 58
5175, 160, 58
5176, 160, 58
5177, 160, 58
5178, 160, 58
5179, 160, 58
5180, 160, 58
5181, 160, 58
5182, 160, 58
5183, 160, 58
5184, 160, 58
5185, 160, 58
5186, 160, 58
5187, 160, 58
5188, 160, 58
5189, 160, 58
5190, 160, 58
5191, 160, 58
5192, 160, 58
5193, 160, 58
5194, 160, 58
5195, 160, 58
5196, 160, 58
5197, 160, 58
5198, 160, 58
5199, 160, 58
5200, 160, 58
5201, 160, 58
5202, 160, 58
5203, 160, 58
5204, 160, 58
5205, 160, 58
5206, 160, 58
5207, 160, 58
5208, 160, 58
5209, 160, 58
5210, 160, 58
5211, 160, 58
5212, 160, 58
5213, 160, 58
5214, 160, 58
5215, 160, 58
5216, 160, 58
5217, 160, 58
5218, 160, 58
5219, 160, 58
5220, 160, 58
5221, 160, 58
5222, 160, 58
5223, 160, 58
5224, 160, 58
5225, 160, 58
5226, 160, 58
5227, 160, 58
5228, 160, 58
5229, 160, 58
5230, 160, 58
5231, 160, 58
5232, 160, 58
5233, 160, 58
5234, 160, 58
5235, 160, 58
5236, 160, 58
5237, 160, 58
5238, 160, 58
5239, 160, 58
5240, 160, 58
5241, 160, 58
5242, 160, 58
5243, 160, 58
5244, 160, 58
5245, 160, 58
5246, 160, 58
5247, 160, 58
5248, 160, 58
5249, 160, 58
5250, 160, 58
5251, 160, 58
5252, 160, 58
5253, 160, 58
5254, 160, 58
5255, 160, 58
5256, 160, 58
5257, 160, 58
5258, 160, 58
5259, 160, 58
5260, 160, 58
5261, 160, 58
5262, 160, 58
5263, 160, 58
5264, 160, 58
5265, 160, 58
5266, 160, 58
5267, 160, 58
5268, 160, 58
5269, 160, 58
5270, 160, 58
5271, 160, 58
5272, 160, 58
5273, 160, 58
5274, 160, 58
5275, 160, 58
5276, 160, 58
5277, 160, 58
5278, 160, 58
5279, 160, 58
5280, 160, 58
5281, 160, 58
5282, 160, 58
5283, 160, 58
5284, 160, 58
5285, 160, 58
5286, 160, 58
5287, 160, 58
5288, 160, 58
5289, 160, 58
5290, 160, 58
5291, 160, 58
5292, 160, 58
5293, 160, 58
5294, 160, 58
5295, 160, 58
5296, 160, 58
5297, 160, 58
5298, 160, 58
5299, 160, 58
5300, 160, 58
5301, 160, 58
5302, 160, 58
5303, 160, 58
5304, 160, 58
5305, 160, 58
5306, 160, 58
5307, 160, 58
5308, 160, 58
5309, 160, 58
5310, 160, 58
5311, 160, 58
5312, 160, 58
5313, 160, 58
5314, 160, 58
5315, 160, 58
5316, 160, 58
5317, 160, 58
5318, 160, 58
5319, 160, 58
5320, 160, 58
5321, 160, 58
5322, 160, 58
5323, 160, 58
5324, 160, 58
5325, 160, 58
5326, 160, 58
5327, 160, 58
5328, 160, 58
5329, 160, 58
5330, 160, 58
5331, 160, 58
5332, 160, 58
5333, 160, 58
5334, 160, 58
5335, 160, 58
5336, 160, 58
5337, 160, 58
5338, 160, 58
5339, 160, 58
5340, 160, 58
5341, 160, 58
5342, 160, 58
5343, 160, 58
5344, 160, 58
5345, 160, 58
5346, 160, 58
5347, 160, 58
5348, 160, 58
5349, 160, 58
5350, 160, 58
5351, 160, 58
5352, 160, 58
5353, 160, 58
5354, 160, 58
5355, 160, 58
5356, 160, 58
5357, 160, 58
5358, 160, 58
5359, 160, 58
5360, 160, 58
5361, 160, 58
5362, 160, 58
5363, 160, 58
5364, 160, 58
5365, 160, 58
5366, 160, 58
5367, 160, 58
5368, 160, 58
5369, 160, 58
5370, 160, 58
5371, 160, 58
5372, 160, 58
5373, 160, 58
5374, 160, 58
5375, 160, 58
5376, 160, 58
5377, 160, 58
5378, 160, 58
5379, 160, 58
5380, 160, 58
5381, 160, 58
5382, 160, 58
5383, 160, 58
5384, 160, 58
5385, 160, 58
5386, 160, 58
5387, 160, 58
5388, 160, 58
5389, 160, 58
5390, 160, 58
5391, 160, 58
5392, 160, 58
5393, 160, 58
5394, 160, 58
5395, 160, 58
5396, 160, 58
5397, 160, 58
5398, 160, 58
5399, 160, 58
5400, 160, 58
5401, 160, 58
5402, 160, 58
5403, 160, 58
5404, 160, 58
5405, 160, 58
5406, 160, 58
5407, 160, 58
5408, 160, 58
5409, 160, 58
5410, 160, 58
5411, 160, 58
5412, 160, 58
5413, 160, 58
5414, 160, 58
5415, 160, 58
5416, 160, 58
5417, 160, 58
5418, 160, 58
5419, 160, 58
5420, 160, 58
5421, 160, 58
5422, 160, 58
5423, 160, 58
5424, 160, 58
5425, 160, 58
5426, 160, 58
5427, 160, 58
5428, 160, 58
5429, 160, 58
5430, 160, 58
5431, 160, 58
5432, 160, 58
5433, 160, 58
5434, 160, 58
5435, 160, 58
5436, 160, 58
5437, 160, 58
5438, 160, 58
5439, 160, 58
5440, 160, 58
5441, 160, 58
5442, 160, 58
5443, 160, 58
5444, 160, 58
5445, 160, 58
5446, 160, 58
5447, 160, 58
5448, 160, 58
5449, 160, 58
5450, 160, 58
5451, 160, 58
5452, 160, 58
5453, 160, 58
5454, 160, 58
5455, 160, 58
5456, 160, 58
5457, 160, 58
5458, 160, 58
5459, 160, 58
5460, 160, 58
5461, 160, 58
5462, 160, 58
5463, 160, 58
5464, 160, 58
5465, 160, 58
5466, 160, 58
5467, 160, 58
5468, 160, 58
5469, 160, 58
5470, 160, 58
5471, 160, 58
5472, 160, 58
5473, 160, 58
5474, 160, 58
5475, 160, 58
5476, 160, 58
5477, 160, 58
5478, 160, 58
5479, 160, 58
5480, 160, 58
5481, 160, 58
5482, 160, 58
5483, 160, 58
5484, 160, 58
5485, 160, 58
5486, 160, 58
5487, 160, 58
5488, 160, 58
5489, 160, 58
5490, 160, 58
5491, 160, 58
5492, 160, 58
5493, 160, 58
5494, 160, 58
5495, 160, 58
5496, 160, 58
5497, 160, 58
5498, 160, 58
5499, 160, 58
5500, 160, 58
5501, 160, 58
5502, 160, 58
5503, 160, 58
5504, 160, 58
5505, 160, 58
5506, 160, 58
5507, 160, 58
5508, 160, 58
5509, 160, 58
5510, 160, 58
5511, 160, 58
5512, 160, 58
5513, 160, 58
5514, 160, 58
5515, 160, 58
5516, 160, 58
5517, 160, 58
5518, 160, 58
5519, 160, 58
5520, 160, 58
5521, 160, 58
5522, 160, 58
5523, 160, 58
5524, 160, 58
5525, 160, 58
5526, 160, 58
5527, 160, 58
5528, 160, 58
5529, 160, 58
5530, 160, 58
5531, 160, 58
5532, 160, 58
5533, 160, 58
5534, 160, 58
5535, 160, 58
5536, 160, 58
5537, 160, 58
5538, 160, 58
5539, 160, 58
5540, 160, 58
5541, 160, 58
5542, 160, 58
5543, 160, 58
5544, 160, 58
5545, 160, 58
5546, 160, 58
5547, 160, 58
5548, 160, 58
5549, 160, 58
5550, 160, 58
5551, 160, 58
5552, 160, 58
5553, 160, 58
5554, 160, 58
5555, 160, 58
5556, 160, 58
5557, 160, 58
5558, 160, 58
5559, 160, 58
5560, 160, 58
5561, 160, 58
5562, 160, 58
5563, 160, 58
5564, 160, 58
5565, 160, 58
5566, 160, 58
5567, 160, 58
5568, 160, 58
5569, 160, 58
5570, 160, 58
5571, 160, 58
5572, 160, 58
5573, 160, 58
5574, 160, 58
5575, 160, 58
5576, 160, 58
5577, 160, 58
5578, 160, 58
5579, 160, 58
5580, 160, 58
5581, 160, 58
5582, 160, 58
5583, 160, 58
5584, 160, 58
5585, 160, 58
5586, 160, 58
5587, 160, 58
5588, 160, 58
5589, 160, 58
5590, 78, 140
5591, 78, 140
5592, 78, 140
5593, 78, 140
5594, 78, 140
5595, 78, 140
5596, 78, 140
5597, 78, 140
5598, 78, 140
5599, 78, 140
5600, 78, 140
5601, 78, 140
5602, 78, 140
5603, 78, 140
5604, 78, 140
5605, 78, 140
5606, 78, 140
5607, 78, 140
5608, 78, 140
5609, 78, 140
5610, 78, 140
5611, 78, 140
5612, 78, 140
5613, 78, 140
5614, 78, 140
5615, 78, 140
5616, 78, 140
5617, 78, 140
5618, 78, 140
5619, 78, 140
5620, 78, 140
5621, 78, 140
5622, 78, 140
5623, 78, 140
5624, 78, 140
5625, 78, 140
5626, 78, 140
5627, 78, 140
5628, 78, 140
5629, 78, 140
5630, 78, 140
5631, 78, 140
5632, 78, 140
5633, 78, 140
5634, 78, 140
5635, 78, 140
5636, 78, 140
5637, 78, 140
5638, 78, 140
5639, 78, 140
5640, 78, 140
5641, 78, 140
5642, 78, 140
5643, 78, 140
5644, 78, 140
5645, 78, 140
5646, 78, 140
5647, 78, 140
5648, 78, 140
5649, 78, 140
5650, 78, 140
5651, 78, 140
5652, 78, 140
5653, 78, 140
5654, 78, 140
5655, 78, 140
5656, 78, 140
5657, 78, 140
5658, 78, 140
5659, 78, 140
5660, 78, 140
5661, 78, 140
5662, 78, 140
5663, 78, 140
5664, 78, 140
5665, 78, 140
5666, 78, 140
5667, 78, 140
5668, 78, 140
5669, 78, 140
5670, 78, 140
5671, 78, 140
5672, 78, 140
5673, 78, 140
5674, 78, 140
5675, 78, 140
5676, 78, 140
5677, 78, 140
5678, 78, 140
5679, 78, 140
5680, 78, 140
5681, 78, 140
5682, 78, 140
5683, 78, 140
5684, 78, 140
5685, 78, 140
5686, 78, 140
5687, 78, 140
5688, 78, 140
5689, 78, 140
5690, 78, 140
5691, 78, 140
5692, 78, 140
5693, 78, 140
5694, 78, 140
5695, 78, 140
5696, 78, 140
5697, 78, 140
5698, 78, 140
5699, 78, 140
5700, 78, 140
5701, 78, 140
5702, 78, 140
5703, 78, 140
5704, 78, 140
5705, 78, 140
5706, 78, 140
5707, 78, 140
5708, 78, 140
5709, 78, 140
5710, 78, 140
5711, 78, 140
5712, 78, 140
5713, 78, 140
5714, 78, 140
5715, 78, 140
5716, 78, 140
5717, 78, 140
5718, 78, 140
5719, 78, 140
5720, 78, 140
5721, 78, 140
5722, 78, 140
5723, 78, 140
5724, 78, 140
5725, 78, 140
5726, 78, 140
5727, 78, 140
5728, 78, 140
5729, 78, 140
5730, 78, 140
5731, 78, 140
5732, 78, 140
5733, 78, 140
5734, 78, 140
5735, 78, 140
5736, 78, 140
5737, 78, 140
5738, 78, 140
5739, 78, 140
5740, 78, 140
5741, 78, 140
5742, 78, 140
5743, 78, 140
5744, 78, 140
5745, 78, 140
5746, 78, 140
5747, 78, 140
5748, 78, 140
5749, 78, 140
5750, 78, 140
5751, 78, 140
5752, 78, 140
5753, 78, 140
5754, 78, 140
5755, 78, 140
5756, 78, 140
5757, 78, 140
5758, 78, 140
5759, 78, 140
5760, 78, 140
5761, 78, 140
5762, 78, 140
5763, 78, 140
5764, 78, 140
5765, 78, 140
5766, 78, 140
5767, 78, 140
5768, 78, 140
5769, 78, 140
5770, 78, 140
5771, 78, 140
5772, 78, 140
5773, 78, 140
5774, 78, 140
5775, 78, 140
5776, 78, 140
5777, 78, 140
5778, 78, 140
5779, 78, 140
5780, 78, 140
5781, 78, 140
5782, 78, 140
5783, 78, 140
5784, 78, 140
5785, 78, 140
5786, 78, 140
5787, 78, 140
5788, 78, 140
5789, 78, 140
5790, 78, 140
5791, 78, 140
5792, 78, 140
5793, 78, 140
5794, 78, 140
5795, 78, 140
5796, 78, 140
5797, 78, 140
5798, 78, 140
5799, 78, 140
5800, 78, 140
5801, 78, 140
5802, 78, 140
5803, 78, 140
5804, 78, 140
5805, 78, 140
5806, 78, 140
5807, 78, 140
5808, 78, 140
5809, 78, 140
5810, 78, 140
5811, 78, 140
5812, 78, 140
5813, 78, 140
5814, 78, 140
5815, 78, 140
5816, 78, 140
5817, 78, 140
5818, 78, 140
5819, 78, 140
5820, 78, 140
5821, 78, 140
5822, 78, 140
5823, 78, 140
5824, 78, 140
5825, 78, 140
5826, 78, 140
5827, 78, 140
5828, 78, 140
5829, 78, 140
5830, 78, 140
5831, 78, 140
5832, 78, 140
5833, 78, 140
5834, 78, 140
5835, 78, 140
5836, 78, 140
5837, 78, 140
5838, 78, 140
5839, 78, 140
5840, 78, 140
5841, 78, 140
5842, 78, 140
5843, 78, 140
5844, 78, 140
5845, 78, 140
5846, 78, 140
5847, 78, 140
5848, 78, 140
5849, 78, 140
5850, 78, 140
5851, 78, 140
5852, 78, 140
5853, 78, 140
5854, 78, 140
5855, 78, 140
5856, 78, 140
5857, 78, 140
5858, 78, 140
5859, 78, 140
5860, 78, 140
5861, 78, 140
5862, 78, 140
5863, 78, 140
5864, 78, 140
5865, 78, 140
5866, 78, 140
5867, 78, 140
5868, 78, 140
5869, 78, 140
5870, 78, 140
5871, 78, 140
5872, 78, 140
5873, 78, 140
5874, 78, 140
5875, 78, 140
5876, 78, 140
5877, 78, 140
5878, 78, 140
5879, 78, 140
5880, 78, 140
5881, 78, 140
5882, 78, 140
5883, 78, 140
5884, 78, 140
5885, 78, 140
5886, 78, 140
5887, 78, 140
5888, 78, 140
5889, 78, 140
5890, 78, 140
5891, 78, 140
5892, 78, 140
5893, 78, 140
5894, 78, 140
5895, 78, 140
5896, 78, 140
5897, 78, 140
5898, 78, 140
5899, 78, 140
5900, 78, 140
5901, 78, 140
5902, 78, 140
5903, 78, 140
5904, 78, 140
5905, 78, 140
5906, 78, 140
5907, 78, 140
5908, 78, 140
5909, 78, 140
5910, 78, 140
5911, 78, 140
5912, 78, 140
5913, 78, 140
5914, 78, 140
5915, 78, 140
5916, 78, 140
5917, 78, 140
5918, 78, 140
5919, 78, 140
5920, 78, 140
5921, 78, 140
5922, 78, 140
5923, 78, 140
5924, 78, 140
5925, 78, 140
5926, 78, 140
5927, 78, 140
5928, 78, 140
5929, 78, 140
5930, 78, 140
5931, 78, 140
5932, 78, 140
5933, 78, 140
5934, 78, 140
5935, 78, 140
5936, 78, 140
5937, 78, 140
5938, 78, 140
5939, 78, 140
5940, 78, 140
5941, 78, 140
5942, 78, 140
5943, 78, 140
5944, 78, 140
5945, 78, 140
5946, 78, 140
5947, 78, 140
5948, 78, 140
5949, 78, 140
5950, 78, 140
5951, 78, 140
5952, 78, 140
5953, 78, 140
5954, 78, 140
5955, 78, 140
5956, 78, 140
5957, 78, 140
5958, 78, 140
5959, 78, 140
5960, 78, 140
5961, 78, 140
5962, 78, 140
5963, 78, 140
5964, 78, 140
5965, 78, 140
5966, 78, 140
5967, 78, 140
5968, 78, 140
5969, 78, 140
5970, 78, 140
5971, 78, 140
5972, 78, 140
5973, 78, 140
5974, 78, 140
5975, 78, 140
5976, 78, 140
5977, 78, 140
5978, 78, 140
5979, 78, 140
5980, 78, 140
5981, 78, 140
5982, 78, 140
5983, 78, 140
5984, 78, 140
5985, 78, 140
5986, 78, 140
5987, 78, 140
5988, 78, 140
5989, 78, 140
5990, 78, 140
5991, 78, 140
5992, 78, 140
5993, 78, 140
5994, 78, 140
5995, 78, 140
5996, 78, 140
5997, 78, 140
5998, 78, 140
5999, 78, 140
6000, 78, 140
6001, 78, 140
6002, 78, 140
6003, 78, 140
6004, 78, 140
6005, 78, 140
6006, 78, 140
6007, 78, 140
6008, 78, 140
6009, 78, 140
6010, 78, 140
6011, 78, 140
6012, 78, 140
6013, 78, 140
6014, 78, 140
6015, 78, 140
6016, 78, 140
6017, 78, 140
6018, 78, 140
6019, 78, 140
6020, 78, 140
6021, 78, 140
6022, 78, 140
6023, 78, 140
6024, 78, 140
6025, 78, 140
6026, 78, 140
6027, 78, 140
6028, 78, 140
6029, 78, 140
6030, 78, 140
6031, 78, 140
6032, 78, 140
6033, 78, 140
6034, 78, 140
6035, 78, 140
6036, 78, 140
6037, 78, 140
6038, 78, 140
6039, 78, 140
6040, 78, 140
6041, 78, 140
6042, 78, 140
6043, 78, 140
6044, 78, 140
6045, 78, 140
6046, 78, 140
6047, 78, 140
6048, 78, 140
6049, 78, 140
6050, 78, 140
6051, 78, 140
6052, 78, 140
6053, 78, 140
6054, 78, 140
6055, 78, 140
6056, 78, 140
6057, 78, 140
6058, 78, 140
6059, 78, 140
6060, 78, 140
6061, 78, 140
6062, 78, 140
6063, 78, 140
6064, 78, 140
6065, 78, 140
6066, 78, 140
6067, 78, 140
6068, 78, 140
6069, 78, 140
6070, 78, 140
6071, 78, 140
6072, 78, 140
6073, 78, 140
6074, 78, 140
6075, 78, 140
6076, 78, 140
6077, 78, 140
6078, 78, 140
6079, 78, 140
6080, 78, 140
6081, 78, 140
6082, 78, 140
6083, 78, 140
6084, 78, 140
6085, 78, 140
6086, 78, 140
6087, 78, 140
6088, 78, 140
6089, 78, 140
6090, 78, 140
6091, 78, 140
6092, 78, 140
6093, 78, 140
6094, 78, 140
6095, 78, 140
6096, 78, 140
6097, 78, 140
6098, 78, 140
6099, 78, 140
6100, 78, 140
6101, 78, 140
6102, 78, 140
6103, 78, 140
6104, 78, 140
6105, 78, 140
6106, 78, 140
6107, 78, 140
6108, 78, 140
6109, 78, 140
6110, 78, 140
6111, 78, 140
6112, 78, 140
6113, 78, 140
6114, 78, 140
6115, 78, 140
6116, 78, 140
6117, 78, 140
6118, 78, 140
6119, 78, 140
6120, 78, 140
6121, 78, 140
6122, 78, 140
6123, 78, 140
6124, 78, 140
6125, 78, 140
6126, 78, 140
6127, 78, 140
6128, 78, 140
6129, 78, 140
6130, 78, 140
6131, 78, 140
6132, 78, 140
6133, 78, 140
6134, 78, 140
6135, 78, 140
6136, 78, 140
6137, 78, 140
6138, 78, 140
6139, 78, 140
6140, 78, 140
6141, 78, 140
6142, 78, 140
6143, 78, 140
6144, 78, 140
6145, 78, 140
6146, 78, 140
6147, 78, 140
6148, 78, 140
6149, 78, 140
6150, 78, 140
6151, 78, 140
6152, 78, 140
6153, 78, 140
6154, 78, 140
6155, 78, 140
6156, 78, 140
6157, 78, 140
6158, 78, 140
6159, 78, 140
6160, 78, 140
6161, 78, 140
6162, 78, 140
6163, 78, 140
6164, 78, 140
6165, 78, 140
6166, 78, 140
6167, 78, 140
6168, 78, 140
6169, 78, 140
6170, 78, 140
6171, 78, 140
6172, 78, 140
6173, 78, 140
6174, 78, 140
6175, 78, 140
6176, 78, 140
6177, 78, 140
6178, 78, 140
6179, 78, 140
6180, 78, 140
6181, 78, 140
6182, 78, 140
6183, 78, 140
6184, 78, 140
6185, 78, 140
6186, 78, 140
6187, 78, 140
6188, 78, 140
6189, 78, 140
6190, 78, 140
6191, 78, 140
6192, 78, 140
6193, 78, 140
6194, 78, 140
6195, 78, 140
6196, 78, 140
6197, 78, 140
6198, 78, 140
6199, 78, 140
6200, 78, 140
6201, 78, 140
6202, 78, 140
6203, 78, 140
6204, 78, 140
6205, 78, 140
6206, 78, 140
6207, 78, 140
6208, 78, 140
6209, 78, 140
6210, 78, 140
6211, 78, 140
6212, 78, 140
6213, 78, 140
6214, 78, 140
6215, 78, 140
6216, 78, 140
6217, 78, 140
6218, 78, 140
6219, 78, 140
6220, 78, 140
6221, 78, 140
6222, 78, 140
6223, 78, 140
6224, 78, 140
6225, 78, 140
6226, 78, 140
6227, 78, 140
6228, 78, 140
6229, 78, 140
6230, 78, 140
6231, 78, 140
6232, 78, 140
6233, 78, 140
6234, 78, 140
6235, 78, 140
6236, 78, 140
6237, 78, 140
6238, 78, 140
6239, 78, 140
6240, 78, 140
6241, 78, 140
6242, 78, 140
6243, 78, 140
6244, 78, 140
6245, 78, 140
6246, 78, 140
6247, 78, 140
6248, 78, 140
6249, 78, 140
6250, 78, 140
6251, 78, 140
6252, 78, 140
6253, 78, 140
6254, 78, 140
6255, 78, 140
6256, 78, 140
6257, 78, 140
6258, 78, 140
6259, 78, 140
6260, 78, 140
6261, 78, 140
6262, 78, 140
6263, 78, 140
6264, 78, 140
6265, 78, 140
6266, 78, 140
6267, 78, 140
6268, 78, 140
6269, 78, 140
6270, 78, 140
6271, 78, 140
6272, 78, 140
6273, 78, 140
6274, 78, 140
6275, 78, 140
6276, 78, 140
6277, 78, 140
6278, 78, 140
6279, 78, 140
6280, 78, 140
6281, 78, 140
6282, 78, 140
6283, 78, 140
6284, 78, 140
6285, 78, 140
6286, 78, 140
6287, 78, 140
6288, 78, 140
6289, 78, 140
6290, 78, 140
6291, 78, 140
6292, 78, 140
6293, 78, 140
6294, 78, 140
6295, 78, 140
6296, 78, 140
6297, 78, 140
6298, 78, 140
6299, 78, 140
6300, 78, 140
6301, 78, 140
6302, 78, 140
6303, 78, 140
6304, 78, 140
6305, 78, 140
6306, 78, 140
6307, 78, 140
6308, 78, 140
6309, 78, 140
6310, 78, 140
6311, 78, 140
6312, 78, 140
6313, 78, 140
6314, 78, 140
6315, 78, 140
6316, 78, 140
6317, 78, 140
6318, 78, 140
6319, 78, 140
6320, 78, 140
6321, 78, 140
6322, 78, 140
6323, 78, 140
6324, 78, 140
6325, 78, 140
6326, 78, 140
6327, 78, 140
6328, 78, 140
6329, 78, 140
6330, 78, 140
6331, 78, 140
6332, 78, 140
6333, 78, 140
6334, 78, 140
6335, 78, 140
6336, 78, 140
6337, 78, 140
6338, 78, 140
6339, 78, 140
6340, 78, 140
6341, 78, 140
6342, 78, 140
6343, 78, 140
6344, 78, 140
6345, 78, 140
6346, 78, 140
6347, 78, 140
6348, 78, 140
6349, 78, 140
6350, 78, 140
6351, 78, 140
6352, 78, 140
6353, 78, 140
6354, 78, 140
6355, 78, 140
6356, 78, 140
6357, 78, 140
6358, 78, 140
6359, 78, 140
6360, 78, 140
6361, 78, 140
6362, 78, 140
6363, 78, 140
6364, 78, 140
6365, 78, 140
6366, 78, 140
6367, 78, 140
6368, 78, 140
6369, 78, 140
6370, 78, 140
6371, 78, 140
6372, 78, 140
6373, 78, 140
6374, 78, 140
6375, 78, 140
6376, 78, 140
6377, 78, 140
6378, 78, 140
6379, 78, 140
6380, 78, 140
6381, 78, 140
6382, 78, 140
6383, 78, 140
6384, 78, 140
6385, 78, 140
6386, 78, 140
6387, 78, 140
6388, 78, 140
6389, 78, 140
6390, 78, 140
6391, 78, 140
6392, 78, 140
6393, 78, 140
6394, 78, 140
6395, 78, 140
6396, 78, 140
6397, 78, 140
6398, 78, 140
6399, 78, 140
6400, 78, 140
6401, 78, 140
6402, 78, 140
6403, 78, 140
6404, 78, 140
6405, 78, 140
6406, 78, 140
6407, 78, 140
6408, 78, 140
6409, 78, 140
6410, 78, 140
6411, 78, 140
6412, 78, 140
6413, 78, 140
6414, 78, 140
6415, 78, 140
6416, 78, 140
6417, 78, 140
6418, 78, 140
6419, 78, 140
6420, 78, 140
6421, 78, 140
6422, 78, 140
6423, 78, 140
6424, 78, 140
6425, 78, 140
6426, 78, 140
6427, 78, 140
6428, 78, 140
6429, 78, 140
6430, 78, 140
6431, 78, 140
6432, 78, 140
6433, 78, 140
6434, 78, 140
6435, 78, 140
6436, 78, 140
6437, 78, 140
6438, 78, 140
6439, 78, 140
6440, 78, 140
6441, 78, 140
6442, 78, 140
6443, 78, 140
6444, 78, 140
6445, 78, 140
6446, 78, 140
6447, 78, 140
6448, 78, 140
6449, 78, 140
6450, 78, 140
6451, 78, 140
6452, 78, 140
6453, 78, 140
6454, 78, 140
6455, 78, 140
6456, 78, 140
6457, 78, 140
6458, 78, 140
6459, 78, 140
6460, 78, 140
6461, 78, 140
6462, 78, 140
6463, 78, 140
6464, 78, 140
6465, 78, 140
6466, 78, 140
6467, 78, 140
6468, 78, 140
6469, 78, 140
6470, 78, 140
6471, 78, 140
6472, 78, 140
6473, 78, 140
6474, 78, 140
6475, 78, 140
6476, 78, 140
6477, 78, 140
6478, 78, 140
6479, 78, 140
6480, 78, 140
6481, 78, 140
6482, 78, 140
6483, 78, 140
6484, 78, 140
6485, 78, 140
6486, 78, 140
6487, 78, 140
6488, 78, 140
6489, 78, 140
6490, 78, 140
6491, 78, 140
6492, 78, 140
6493, 78, 140
6494, 78, 140
6495, 78, 140
6496, 78, 140
6497, 78, 140
6498, 78, 140
6499, 78, 140
6500, 78, 140
6501, 78, 140
6502, 78, 140
6503, 78, 140
6504, 78, 140
6505, 78, 140
6506, 78, 140
6507, 78, 140
6508, 78, 140
6509, 78, 140
6510, 78, 140
6511, 78, 140
6512, 78, 140
6513, 78, 140
6514, 78, 140
6515, 78, 140
6516, 78, 140
6517, 78, 140
6518, 78, 140
6519, 78, 140
6520, 78, 140
6521, 78, 140
6522, 78, 140
6523, 78, 140
6524, 78, 140
6525, 78, 140
6526, 78, 140
6527, 78, 140
6528, 78, 140
6529, 78, 140
6530, 78, 140
6531, 78, 140
6532, 78, 140
6533, 78, 140
6534, 78, 140
6535, 78, 140
6536, 78, 140
6537, 78, 140
6538, 78, 140
6539, 78, 140
6540, 78, 140
6541, 78, 140
6542, 78, 140
6543, 78, 140
6544, 78, 140
6545, 78, 140
6546, 78, 140
6547, 78, 140
6548, 78, 140
6549, 78, 140
6550, 78, 140
6551, 78, 140
6552, 78, 140
6553, 78, 140
6554, 78, 140
6555, 78, 140
6556, 78, 140
6557, 78, 140
6558, 78, 140
6559, 78, 140
6560, 78, 140
6561, 78, 140
6562, 78, 140
6563, 78, 140
6564, 78, 140
6565, 78, 140
6566, 78, 140
6567, 78, 140
6568, 78, 140
6569, 78, 140
6570, 78, 140
6571, 78, 140
6572, 78, 140
6573, 78, 140
6574, 78, 140
6575, 78, 140
6576, 78, 140
6577, 78, 140
6578, 78, 140
6579, 78, 140
6580, 78, 140
6581, 78, 140
6582, 78, 140
6583, 78, 140
6584, 78, 140
6585, 78, 140
6586, 78, 140
6587, 78, 140
6588, 78, 140
6589, 78, 140
6590, 78, 140
6591, 78, 140
6592, 78, 140
6593, 78, 140
6594, 78, 140
6595, 78, 140
6596, 78, 140
6597, 78, 140
6598, 78, 140
6599, 78, 140
6600, 78, 140
6601, 78, 140
6602, 78, 140
6603, 78, 140
6604, 78, 140
6605, 78, 140
6606, 78, 140
6607, 78, 140
6608, 78, 140
6609, 78, 140
6610, 78, 140
6611, 78, 140
6612, 78, 140
6613, 78, 140
6614, 78, 140
6615, 78, 140
6616, 78, 140
6617, 78, 140
6618, 78, 140
6619, 78, 140
6620, 78, 140
6621, 78, 140
6622, 78, 140
6623, 78, 140
6624, 78, 140
6625, 78, 140
6626, 78, 140
6627, 78, 140
6628, 78, 140
6629, 78, 140
6630, 78, 140
6631, 78, 140
6632, 78, 140
6633, 78, 140
6634, 78, 140
6635, 78, 140
6636, 78, 140
6637, 78, 140
6638, 78, 140
6639, 78, 140
6640, 78, 140
6641, 78, 140
6642, 78, 140
6643, 78, 140
6644, 78, 140
6645, 78, 140
6646, 78, 140
6647, 78, 140
6648, 78, 140
6649, 78, 140
6650, 78, 140
6651, 78, 140
6652, 78, 140
6653, 78, 140
6654, 78, 140
6655, 78, 140
6656, 78, 140
6657, 78, 140
6658, 78, 140
6659, 78, 140
6660, 78, 140
6661, 78, 140
6662, 78, 140
6663, 78, 140
6664, 78, 140
6665, 78, 140
6666, 78, 140
6667, 78, 140
6668, 78, 140
6669, 78, 140
6670, 78, 140
6671, 78, 140
6672, 78, 140
6673, 78, 140
6674, 78, 140
6675, 78, 140
6676, 78, 140
6677, 78, 140
6678, 78, 140
6679, 78, 140
6680, 78, 140
6681, 78, 140
6682, 78, 140
6683, 78, 140
6684, 78, 140
6685, 78, 140
6686, 78, 140
6687, 78, 140
6688, 78, 140
6689, 78, 140
6690, 78, 140
6691, 78, 140
6692, 78, 140
6693, 78, 140
6694, 78, 140
6695, 78, 140
6696, 78, 140
6697, 78, 140
6698, 78, 140
6699, 78, 140
6700, 78, 140
6701, 78, 140
6702, 78, 140
6703, 78, 140
6704, 78, 140
6705, 78, 140
6706, 78, 140
6707, 78, 140
6708, 78, 140
6709, 78, 140
6710, 78, 140
6711, 78, 140
6712, 78, 140
6713, 78, 140
6714, 78, 140
6715, 78, 140
6716, 78, 140
6717, 78, 140
6718, 78, 140
6719, 78, 140
6720, 78, 140
6721, 78, 140
6722, 78, 140
6723, 78, 140
6724, 78, 140
6725, 78, 140
6726, 78, 140
6727, 78, 140
6728, 78, 140
6729, 78, 140
6730, 78, 140
6731, 78, 140
6732, 78, 140
6733, 78, 140
6734, 78, 140
6735, 78, 140
6736, 78, 140
6737, 78, 140
6738, 78, 140
6739, 78, 140
6740, 78, 140
6741, 78, 140
6742, 78, 140
6743, 78, 140
6744, 78, 140
6745, 78, 140
6746, 78, 140
6747, 78, 140
6748, 78, 140
6749, 78, 140
6750, 78, 140
6751, 78, 140
6752, 78, 140
6753, 78, 140
6754, 78, 140
6755, 78, 140
6756, 78, 140
6757, 78, 140
6758, 78, 140
6759, 78, 140
6760, 78, 140
6761, 78, 140
6762, 78, 140
6763, 78, 140
6764, 78, 140
6765, 78, 140
6766, 78, 140
6767, 78, 140
6768, 78, 140
6769, 78, 140
6770, 78, 140
6771, 78, 140
6772, 78, 140
6773, 78, 140
6774, 78, 140
6775, 78, 140
6776, 78, 140
6777, 78, 140
6778, 78, 140
6779, 78, 140
6780, 78, 140
6781, 78, 140
6782, 78, 140
6783, 78, 140
6784, 78, 140
6785, 78, 140
6786, 78, 140
6787, 78, 140
6788, 78, 140
6789, 78, 140
6790, 78, 140
6791, 78, 140
6792, 78, 140
6793, 78, 140
6794, 78, 140
6795, 78, 140
6796, 78, 140
6797, 78, 140
6798, 78, 140
6799, 78, 140
6800, 78, 140
6801, 78, 140
6802, 78, 140
6803, 78, 140
6804, 78, 140
6805, 78, 140
6806, 78, 140
6807, 78, 140
6808, 78, 140
6809, 78, 140
6810, 78, 140
6811, 78, 140
6812, 78, 140
6813, 78, 140
6814, 78, 140
6815, 78, 140
6816, 78, 140
6817, 78, 140
6818, 78, 140
6819, 78, 140
6820, 78, 140
6821, 78, 140
6822, 78, 140
6823, 78, 140
6824, 78, 140
6825, 78, 140
6826, 78, 140
6827, 78, 140
6828, 78, 140
6829, 78, 140
6830, 78, 140
6831, 78, 140
6832, 78, 140
6833, 78, 140
6834, 78, 140
6835, 78, 140
6836, 78, 140
6837, 78, 140
6838, 78, 140
6839, 78, 140
6840, 78, 140
6841, 78, 140
6842, 78, 140
6843, 78, 140
6844, 78, 140
6845, 78, 140
6846, 78, 140
6847, 78, 140
6848, 78, 140
6849, 78, 140
6850, 78, 140
6851, 78, 140
6852, 78, 140
6853, 78, 140
6854, 78, 140
6855, 78, 140
6856, 78, 140
6857, 78, 140
6858, 78, 140
6859, 78, 140
6860, 78, 140
6861, 78, 140
6862, 78, 140
6863, 78, 140
6864, 78, 140
6865, 78, 140
6866, 78, 140
6867, 78, 140
6868, 78, 140
6869, 78, 140
6870, 78, 140
6871, 78, 140
6872, 78, 140
6873, 78, 140
6874, 78, 140
6875, 78, 140
6876, 78, 140
6877, 78, 140
6878, 78, 140
6879, 78, 140
6880, 78, 140
6881, 78, 140
6882, 78, 140
6883, 78, 140
6884, 78, 140
6885, 78, 140
6886, 78, 140
6887, 78, 140
6888, 78, 140
6889, 78, 140
6890, 78, 140
6891, 78, 140
6892, 78, 140
6893, 78, 140
6894, 78, 140
6895, 78, 140
6896, 78, 140
6897, 78, 140
6898, 78, 140
6899, 78, 140
6900, 78, 140
6901, 78, 140
6902, 78, 140
6903, 78, 140
6904, 78, 140
6905, 78, 140
6906, 78, 140
6907, 78, 140
6908, 78, 140
6909, 78, 140
6910, 78, 140
6911, 78, 140
6912, 78, 140
6913, 78, 140
6914, 78, 140
6915, 78, 140
6916, 78, 140
6917, 78, 140
6918, 78, 140
6919, 78, 140
6920, 78, 140
6921, 78, 140
6922, 78, 140
6923, 78, 140
6924, 78, 140
6925, 78, 140
6926, 78, 140
6927, 78, 140
6928, 78, 140
6929, 78, 140
6930, 78, 140
6931, 78, 140
6932, 78, 140
6933, 78, 140
6934, 78, 140
6935, 78, 140
6936, 78, 140
6937, 78, 140
6938, 78, 140
6939, 78, 140
6940, 78, 140
6941, 78, 140
6942, 78, 140
6943, 78, 140
6944, 78, 140
6945, 78, 140
6946, 78, 140
6947, 78, 140
6948, 78, 140
6949, 78, 140
6950, 78, 140
6951, 78, 140
6952, 78, 140
6953, 78, 140
6954, 78, 140
6955, 78, 140
6956, 78, 140
6957, 78, 140
6958, 78, 140
6959, 78, 140
6960, 78, 140
6961, 78, 140
6962, 78, 140
6963, 78, 140
6964, 78, 140
6965, 78, 140
6966, 78, 140
6967, 78, 140
6968, 78, 140
6969, 78, 140
6970, 78, 140
6971, 78, 140
6972, 78, 140
6973, 78, 140
6974, 78, 140
6975, 78, 140
6976, 78, 140
6977, 78, 140
6978, 78, 140
6979, 78, 140
6980, 78, 140
6981, 78, 140
6982, 78, 140
6983, 78, 140
6984, 78, 140
6985, 78, 140
6986, 78, 140
6987, 78, 140
6988, 78, 140
6989, 78, 140
6990, 78, 140
6991, 78, 140
6992, 78, 140
6993, 78, 140
6994, 78, 140
6995, 78, 140
6996, 78, 140
6997, 78, 140
6998, 78, 140
6999, 78, 140
7000, 78, 140
7001, 78, 140
7002, 78, 140
7003, 78, 140
7004, 78, 140
7005, 78, 140
7006, 78, 140
7007, 78, 140
7008, 78, 140
7009, 78, 140
7010, 78, 140
7011, 78, 140
7012, 78, 140
7013, 78, 140
7014, 78, 140
7015, 78, 140
7016, 78, 140
7017, 78, 140
7018, 78, 140
7019, 78, 140
7020, 78, 140
7021, 78, 140
7022, 78, 140
7023, 78, 140
7024, 78, 140
7025, 78, 140
7026, 78, 140
7027, 78, 140
7028, 78, 140
7029, 78, 140
7030, 78, 140
7031, 78, 140
7032, 78, 140
7033, 78, 140
7034, 78, 140
7035, 78, 140
7036, 78, 140
7037, 78, 140
7038, 78, 140
7039, 78, 140
7040, 78, 140
7041, 78, 140
7042, 78, 140
7043, 78, 140
7044, 78, 140
7045, 78, 140
7046, 78, 140
7047, 78, 140
7048, 78, 140
7049, 78, 140
7050, 78, 140
7051, 78, 140
7052, 78, 140
7053, 78, 140
7054, 78, 140
7055, 78, 140
7056, 78, 140
7057, 78, 140
7058, 78, 140
7059, 78, 140
7060, 78, 140
7061, 78, 140
7062, 78, 140
7063, 78, 140
7064, 78, 140
7065, 78, 140
7066, 78, 140
7067, 78, 140
7068, 78, 140
7069, 78, 140
7070, 78, 140
7071, 78, 140
7072, 78, 140
7073, 78, 140
7074, 78, 140
7075, 78, 140
7076, 78, 140
7077, 78, 140
7078, 78, 140
7079, 78, 140
7080, 78, 140
7081, 78, 140
7082, 78, 140
7083, 78, 140
7084, 78, 140
7085, 78, 140
7086, 78, 140
7087, 78, 140
7088, 78, 140
7089, 78, 140
7090, 78, 140
7091, 78, 140
7092, 78, 140
7093, 78, 140
7094, 78, 140
7095, 78, 140
7096, 78, 140
7097, 78, 140
7098, 78, 140
7099, 78, 140
7100, 78, 140
7101, 78, 140
7102, 78, 140
7103, 78, 140
7104, 78, 140
7105, 78, 140
7106, 78, 140
7107, 78, 140
7108, 78, 140
7109, 78, 140
7110, 78, 140
7111, 78, 140
7112, 78, 140
7113, 78, 140
7114, 78, 140
7115, 78, 140
7116, 78, 140
7117, 78, 140
7118, 78, 140
7119, 78, 140
7120, 78, 140
7121, 78, 140
7122, 78, 140
7123, 78, 140
7124, 78, 140
7125, 78, 140
7126, 78, 140
7127, 78, 140
7128, 78, 140
7129, 78, 140
7130, 78, 140
7131, 78, 140
7132, 78, 140
7133, 78, 140
7134, 78, 140
7135, 78, 140
7136, 78, 140
7137, 78, 140
7138, 78, 140
7139, 78, 140
7140, 78, 140
7141, 78, 140
7142, 78, 140
7143, 78, 140
7144, 78, 140
7145, 78, 140
7146, 78, 140
7147, 78, 140
7148, 78, 140
7149, 78, 140
7150, 78, 140
7151, 78, 140
7152, 78, 140
7153, 78, 140
7154, 78, 140
7155, 78, 140
7156, 78, 140
7157, 78, 140
7158, 78, 140
7159, 78, 140
7160, 78, 140
7161, 78, 140
7162, 78, 140
7163, 78, 140
7164, 78, 140
7165, 78, 140
7166, 78, 140
7167, 78, 140
7168, 78, 140
7169, 78, 140
7170, 78, 140
7171, 78, 140
7172, 78, 140
7173, 78, 140
7174, 78, 140
7175, 78, 140
7176, 78, 140
7177, 78, 140
7178, 78, 140
7179, 78, 140
7180, 78, 140
7181, 78, 140
7182, 78, 140
7183, 78, 140
7184, 78, 140
7185, 78, 140
7186, 78, 140
7187, 78, 140
7188, 78, 140
7189, 78, 140
7190, 78, 140
7191, 78, 140
7192, 78, 140
7193, 78, 140
7194, 78, 140
7195, 78, 140
7196, 78, 140
7197, 78, 140
7198, 78, 140
7199, 78, 140
7200, 78, 140
7201, 78, 140
7202, 78, 140
7203, 78, 140
7204, 78, 140
7205, 78, 140
7206, 78, 140
7207, 78, 140
7208, 78, 140
7209, 78, 140
7210, 78, 140
7211, 78, 140
7212, 78, 140
7213, 78, 140
7214, 78, 140
7215, 78, 140
7216, 78, 140
7217, 78, 140
7218, 78, 140
7219, 78, 140
7220, 78, 140
7221, 78, 140
7222, 78, 140
7223, 78, 140
7224, 78, 140
7225, 78, 140
7226, 78, 140
7227, 78, 140
7228, 78, 140
7229, 78, 140
7230, 78, 140
7231, 78, 140
7232, 78, 140
7233, 78, 140
7234, 78, 140
7235, 78, 140
7236, 78, 140
7237, 78, 140
7238, 78, 140
7239, 78, 140
7240, 78, 140
7241, 78, 140
7242, 78, 140
7243, 78, 140
7244, 78, 140
7245, 78, 140
7246, 78, 140
7247, 78, 140
7248, 78, 140
7249, 78, 140
7250, 78, 140
7251, 78, 140
7252, 78, 140
7253, 78, 140
7254, 78, 140
7255, 78, 140
7256, 78, 140
7257, 78, 140
7258, 78, 140
7259, 78, 140
7260, 78, 140
7261, 78, 140
7262, 78, 140
7263, 78, 140
7264, 78, 140
7265, 78, 140
7266, 78, 140
7267, 78, 140
7268, 78, 140
7269, 78, 140
7270, 78, 140
7271, 78, 140
7272, 78, 140
7273, 78, 140
7274, 78, 140
7275, 78, 140
7276, 78, 140
7277, 78, 140
7278, 78, 140
7279, 78, 140
7280, 78, 140
7281, 78, 140
7282, 78, 140
7283, 78, 140
7284, 78, 140
7285, 78, 140
7286, 78, 140
7287, 78, 140
7288, 78, 140
7289, 78, 140
7290, 78, 140
7291, 78, 140
7292, 78, 140
7293, 78, 140
7294, 78, 140
7295, 78, 140
7296, 78, 140
7297, 78, 140
7298, 78, 140
7299, 78, 140
7300, 78, 140
7301, 78, 140
7302, 78, 140
7303, 78, 140
7304, 78, 140
7305, 78, 140
7306, 78, 140
7307, 78, 140
7308, 78, 140
7309, 78, 140
7310, 78, 140
7311, 78, 140
7312, 78, 140
7313, 78, 140
7314, 78, 140
7315, 78, 140
7316, 78, 140
7317, 78, 140
7318, 78, 140
7319, 78, 140
7320, 78, 140
7321, 78, 140
7322, 78, 140
7323, 78, 140
7324, 78, 140
7325, 78, 140
7326, 78, 140
7327, 78, 140
7328, 78, 140
7329, 78, 140
7330, 78, 140
7331, 78, 140
7332, 78, 140
7333, 78, 140
7334, 78, 140
7335, 78, 140
7336, 78, 140
7337, 78, 140
7338, 78, 140
7339, 78, 140
7340, 78, 140
7341, 78, 140
7342, 78, 140
7343, 78, 140
7344, 78, 140
7345, 78, 140
7346, 78, 140
7347, 78, 140
7348, 78, 140
7349, 78, 140
7350, 78, 140
7351, 78, 140
7352, 78, 140
7353, 78, 140
7354, 78, 140
7355, 78, 140
7356, 78, 140
7357, 78, 140
7358, 78, 140
7359, 78, 140
7360, 78, 140
7361, 78, 140
7362, 78, 140
7363, 78, 140
7364, 78, 140
7365, 78, 140
7366, 78, 140
7367, 78, 140
7368, 78, 140
7369, 78, 140
7370, 78, 140
7371, 78, 140
7372, 78, 140
7373, 78, 140
7374, 78, 140
7375, 78, 140
7376, 78, 140
7377, 78, 140
7378, 78, 140
7379, 78, 140
7380, 78, 140
7381, 78, 140
7382, 78, 140
7383, 78, 140
7384, 78, 140
7385, 78, 140
7386, 78, 140
7387, 78, 140
7388, 78, 140
7389, 78, 140
7390, 78, 140
7391, 78, 140
7392, 78, 140
7393, 78, 140
7394, 78, 140
7395, 78, 140
7396, 78, 140
7397, 78, 140
7398, 78, 140
7399, 78, 140
7400, 78, 140
7401, 78, 140
7402, 78, 140
7403, 78, 140
7404, 78, 140
7405, 78, 140
7406, 78, 140
7407, 78, 140
7408, 78, 140
7409, 78, 140
7410, 78, 140
7411, 78, 140
7412, 78, 140
7413, 78, 140
7414, 78, 140
7415, 78, 140
7416, 78, 140
7417, 78, 140
7418, 78, 140
7419, 78, 140
7420, 78, 140
7421, 78, 140
7422, 78, 140
7423, 78, 140
7424, 78, 140
7425, 78, 140
7426, 78, 140
7427, 78, 140
7428, 78, 140
7429, 78, 140
7430, 78, 140
7431, 78, 140
7432, 78, 140
7433, 78, 140
7434, 78, 140
7435, 78, 140
7436, 78, 140
7437, 78, 140
7438, 78, 140
7439, 78, 140
7440, 78, 140
7441, 78, 140
7442, 78, 140
7443, 78, 140
7444, 78, 140
7445, 78, 140
7446, 78, 140
7447, 78, 140
7448, 78, 140
7449, 78, 140
7450, 78, 140
7451, 78, 140
7452, 78, 140
7453, 78, 140
7454, 78, 140
7455, 78, 140
7456, 78, 140
7457, 78, 140
7458, 78, 140
7459, 78, 140
7460, 78, 140
7461, 78, 140
7462, 78, 140
7463, 78, 140
7464, 78, 140
7465, 78, 140
7466, 78, 140
7467, 78, 140
7468, 78, 140
7469, 78, 140
7470, 78, 140
7471, 78, 140
7472, 78, 140
7473, 78, 140
7474, 78, 140
7475, 78, 140
7476, 78, 140
7477, 78, 140
7478, 78, 140
7479, 78, 140
7480, 78, 140
7481, 78, 140
7482, 78, 140
7483, 78, 140
7484, 78, 140
7485, 78, 140
7486, 78, 140
7487, 78, 140
7488, 78, 140
7489, 78, 140
7490, 78, 140
7491, 78, 140
7492, 78, 140
7493, 78, 140
7494, 78, 140
7495, 78, 140
7496, 78, 140
7497, 78, 140
7498, 78, 140
7499, 78, 140
7500, 78, 140
7501, 78, 140
7502, 78, 140
7503, 78, 140
7504, 78, 140
7505, 78, 140
7506, 78, 140
7507, 78, 140
7508, 78, 140
7509, 78, 140
7510, 78, 140
7511, 78, 140
7512, 78, 140
7513, 78, 140
7514, 78, 140
7515, 78, 140
7516, 78, 140
7517, 78, 140
7518, 78, 140
7519, 78, 140
7520, 78, 140
7521, 78, 140
7522, 78, 140
7523, 78, 140
7524, 78, 140
7525, 78, 140
7526, 78, 140
7527, 78, 140
7528, 78, 140
7529, 78, 140
7530, 78, 140
7531, 78, 140
7532, 78, 140
7533, 78, 140
7534, 78, 140
7535, 78, 140
7536, 78, 140
7537, 78, 140
7538, 78, 140
7539, 78, 140
7540, 78, 140
7541, 78, 140
7542, 78, 140
7543, 78, 140
7544, 78, 140
7545, 78, 140
7546, 78, 140
7547, 78, 140
7548, 78, 140
7549, 78, 140
7550, 78, 140
7551, 78, 140
7552, 78, 140
7553, 78, 140
7554, 78, 140
7555, 78, 140
7556, 78, 140
7557, 78, 140
7558, 78, 140
7559, 78, 140
7560, 78, 140
7561, 78, 140
7562, 78, 140
7563, 78, 140
7564, 78, 140
7565, 78, 140
7566, 78, 140
7567, 78, 140
7568, 78, 140
7569, 78, 140
7570, 78, 140
7571, 78, 140
7572, 78, 140
7573, 78, 140
7574, 78, 140
7575, 78, 140
7576, 78, 140
7577, 78, 140
7578, 78, 140
7579, 78, 140
7580, 78, 140
7581, 78, 140
7582, 78, 140
7583, 78, 140
7584, 78, 140
7585, 78, 140
7586, 78, 140
7587, 78, 140
7588, 78, 140
7589, 78, 140
7590, 78, 140
7591, 78, 140
7592, 78, 140
7593, 78, 140
7594, 78, 140
7595, 78, 140
7596, 78, 140
7597, 78, 140
7598, 78, 140
7599, 78, 140
7600, 78, 140
7601, 78, 140
7602, 78, 140
7603, 78, 140
7604, 78, 140
7605, 78, 140
7606, 78, 140
7607, 78, 140
7608, 78, 140
7609, 78, 140
7610, 78, 140
7611, 78, 140
7612, 78, 140
7613, 78, 140
7614, 78, 140
7615, 78, 140
7616, 78, 140
7617, 78, 140
7618, 78, 140
7619, 78, 140
7620, 78, 140
7621, 78, 140
7622, 78, 140
7623, 78, 140
7624, 78, 140
7625, 78, 140
7626, 78, 140
7627, 78, 140
7628, 78, 140
7629, 78, 140
7630, 78, 140
7631, 78, 140
7632, 78, 140
7633, 78, 140
7634, 78, 140
7635, 78, 140
7636, 78, 140
7637, 78, 140
7638, 78, 140
7639, 78, 140
7640, 78, 140
7641, 78, 140
7642, 78, 140
7643, 78, 140
7644, 78, 140
7645, 78, 140
7646, 78, 140
7647, 78, 140
7648, 78, 140
7649, 78, 140
7650, 78, 140
7651, 78, 140
7652, 78, 140
7653, 78, 140
7654, 78, 140
7655, 78, 140
7656, 78, 140
7657, 78, 140
7658, 78, 140
7659, 78, 140
7660, 78, 140
7661, 78, 140
7662, 78, 140
7663, 78, 140
7664, 78, 140
7665, 78, 140
7666, 78, 140
7667, 78, 140
7668, 78, 140
7669, 78, 140
7670, 78, 140
7671, 78, 140
7672, 78, 140
7673, 78, 140
7674, 78, 140
7675, 78, 140
7676, 78, 140
7677, 78, 140
7678, 78, 140
7679, 78, 140
7680, 78, 140
7681, 78, 140
7682, 78, 140
7683, 78, 140
7684, 78, 140
7685, 78, 140
7686, 78, 140
7687, 78, 140
7688, 78, 140
7689, 78, 140
7690, 78, 140
7691, 78, 140
7692, 78, 140
7693, 78, 140
7694, 78, 140
7695, 78, 140
7696, 78, 140
7697, 78, 140
7698, 78, 140
7699, 78, 140
7700, 78, 140
7701, 78, 140
7702, 78, 140
7703, 78, 140
7704, 78, 140
7705, 78, 140
7706, 78, 140
7707, 78, 140
7708, 78, 140
7709, 78, 140
7710, 78, 140
7711, 78, 140
7712, 78, 140
7713, 78, 140
7714, 78, 140
7715, 78, 140
7716, 78, 140
7717, 78, 140
7718, 78, 140
7719, 78, 140
7720, 78, 140
7721, 78, 140
7722, 78, 140
7723, 78, 140
7724, 78, 140
7725, 78, 140
7726, 78, 140
7727, 78, 140
7728, 78, 140
7729, 78, 140
7730, 78, 140
7731, 78, 140
7732, 78, 140
7733, 78, 140
7734, 78, 140
7735, 78, 140
7736, 78, 140
7737, 78, 140
7738, 78, 140
7739, 78, 140
7740, 78, 140
7741, 78, 140
7742, 78, 140
7743, 78, 140
7744, 78, 140
7745, 78, 140
7746, 78, 140
7747, 78, 140
7748, 78, 140
7749, 78, 140
7750, 78, 140
7751, 78, 140
7752, 78, 140
7753, 78, 140
7754, 78, 140
7755, 78, 140
7756, 78, 140
7757, 78, 140
7758, 78, 140
7759, 78, 140
7760, 78, 140
7761, 78, 140
7762, 78, 140
7763, 78, 140
7764, 78, 140
7765, 78, 140
7766, 78, 140
7767, 78, 140
7768, 78, 140
7769, 78, 140
7770, 78, 140
7771, 78, 140
7772, 78, 140
7773, 78, 140
7774, 78, 140
7775, 78, 140
7776, 78, 140
7777, 78, 140
7778, 78, 140
7779, 78, 140
7780, 78, 140
7781, 78, 140
7782, 78, 140
7783, 78, 140
7784, 78, 140
7785, 78, 140
7786, 78, 140
7787, 78, 140
7788, 78, 140
7789, 78, 140
7790, 78, 140
7791, 78, 140
7792, 78, 140
7793, 78, 140
7794, 78, 140
7795, 78, 140
7796, 78, 140
7797, 78, 140
7798, 78, 140
7799, 78, 140
7800, 78, 140
7801, 78, 140
7802, 78, 140
7803, 78, 140
7804, 78, 140
7805, 78, 140
7806, 78, 140
7807, 78, 140
7808, 78, 140
7809, 78, 140
7810, 78, 140
7811, 78, 140
7812, 78, 140
7813, 78, 140
7814, 78, 140
7815, 78, 140
7816, 78, 140
7817, 78, 140
7818, 78, 140
7819, 78, 140
7820, 78, 140
7821, 78, 140
7822, 78, 140
7823, 78, 140
7824, 78, 140
7825, 78, 140
7826, 78, 140
7827, 78, 140
7828, 78, 140
7829, 78, 140
7830, 78, 140
7831, 78, 140
7832, 78, 140
7833, 78, 140
7834, 78, 140
7835, 78, 140
7836, 78, 140
7837, 78, 140
7838, 78, 140
7839, 78, 140
7840, 78, 140
7841, 78, 140
7842, 78, 140
7843, 78, 140
7844, 78, 140
7845, 78, 140
7846, 78, 140
7847, 78, 140
7848, 78, 140
7849, 78, 140
7850, 78, 140
7851, 78, 140
7852, 78, 140
7853, 78, 140
7854, 78, 140
7855, 78, 140
7856, 78, 140
7857, 78, 140
7858, 78, 140
7859, 78, 140
7860, 78, 140
7861, 78, 140
7862, 78, 140
7863, 78, 140
7864, 78, 140
7865, 78, 140
7866, 78, 140
7867, 78, 140
7868, 78, 140
7869, 78, 140
7870, 78, 140
7871, 78, 140
7872, 78, 140
7873, 78, 140
7874, 78, 140
7875, 78, 140
7876, 78, 140
7877, 78, 140
7878, 78, 140
7879, 78, 140
7880, 78, 140
7881, 78, 140
7882, 78, 140
7883, 78, 140
7884, 78, 140
7885, 78, 140
7886, 78, 140
7887, 78, 140
7888, 78, 140
7889, 78, 140
7890, 78, 140
7891, 78, 140
7892, 78, 140
7893, 78, 140
7894, 78, 140
7895, 78, 140
7896, 78, 140
7897, 78, 140
7898, 78, 140
7899, 78, 140
7900, 78, 140
7901, 78, 140
7902, 78, 140
7903, 78, 140
7904, 78, 140
7905, 78, 140
7906, 78, 140
7907, 78, 140
7908, 78, 140
7909, 78, 140
7910, 78, 140
7911, 78, 140
7912, 78, 140
7913, 78, 140
7914, 78, 140
7915, 78, 140
7916, 78, 140
7917, 78, 140
7918, 78, 140
7919, 78, 140
7920, 78, 140
7921, 78, 140
7922, 78, 140
7923, 78, 140
7924, 78, 140
7925, 78, 140
7926, 78, 140
7927, 78, 140
7928, 78, 140
7929, 78, 140
7930, 78, 140
7931, 78, 140
7932, 78, 140
7933, 78, 140
7934, 78, 140
7935, 78, 140
7936, 78, 140
7937, 78, 140
7938, 78, 140
7939, 78, 140
7940, 78, 140
7941, 78, 140
7942, 78, 140
7943, 78, 140
7944, 78, 140
7945, 78, 140
7946, 78, 140
7947, 78, 140
7948, 78, 140
7949, 78, 140
7950, 78, 140
7951, 78, 140
7952, 78, 140
7953, 78, 140
7954, 78, 140
7955, 78, 140
7956, 78, 140
7957, 78, 140
7958, 78, 140
7959, 78, 140
7960, 78, 140
7961, 78, 140
7962, 78, 140
7963, 78, 140
7964, 78, 140
7965, 78, 140
7966, 78, 140
7967, 78, 140
7968, 78, 140
7969, 78, 140
7970, 78, 140
7971, 78, 140
7972, 78, 140
7973, 78, 140
7974, 78, 140
7975, 78, 140
7976, 78, 140
7977, 78, 140
7978, 78, 140
7979, 78, 140
7980, 78, 140
7981, 78, 140
7982, 78, 140
7983, 78, 140
7984, 78, 140
7985, 78, 140
7986, 78, 140
7987, 78, 140
7988, 78, 140
7989, 78, 140
7990, 78, 140
7991, 78, 140
7992, 78, 140
7993, 78, 140
7994, 78, 140
7995, 78, 140
7996, 78, 140
7997, 78, 140
7998, 78, 140
7999, 78, 140
8000, 78, 140
8001, 78, 140
8002, 78, 140
8003, 78, 140
8004, 78, 140
8005, 78, 140
8006, 78, 140
8007, 78, 140
8008, 78, 140
8009, 78, 140
8010, 78, 140
8011, 78, 140
8012, 78, 140
8013, 78, 140
8014, 78, 140
8015, 78, 140
8016, 78, 140
8017, 78, 140
8018, 78, 140
8019, 78, 140
8020, 78, 140
8021, 78, 140
8022, 78, 140
8023, 78, 140
8024, 78, 140
8025, 78, 140
8026, 78, 140
8027, 78, 140
8028, 78, 140
8029, 78, 140
8030, 78, 140
8031, 78, 140
8032, 78, 140
8033, 78, 140
8034, 78, 140
8035, 78, 140
8036, 78, 140
8037, 78, 140
8038, 78, 140
8039, 78, 140
8040, 78, 140
8041, 78, 140
8042, 78, 140
8043, 78, 140
8044, 78, 140
8045, 78, 140
8046, 78, 140
8047, 78, 140
8048, 78, 140
8049, 78, 140
8050, 78, 140
8051, 78, 140
8052, 78, 140
8053, 78, 140
8054, 78, 140
8055, 78, 140
8056, 78, 140
8057, 78, 140
8058, 78, 140
8059, 78, 140
8060, 78, 140
8061, 78, 140
8062, 78, 140
8063, 78, 140
8064, 78, 140
8065, 78, 140
8066, 78, 140
8067, 78, 140
8068, 78, 140
8069, 78, 140
8070, 78, 140
8071, 78, 140
8072, 78, 140
8073, 78, 140
8074, 78, 140
8075, 78, 140
8076, 78, 140
8077, 78, 140
8078, 78, 140
8079, 78, 140
8080, 78, 140
8081, 78, 140
8082, 78, 140
8083, 78, 140
8084, 78, 140
8085, 78, 140
8086, 78, 140
8087, 78, 140
8088, 78, 140
8089, 78, 140
8090, 78, 140
8091, 78, 140
8092, 78, 140
8093, 78, 140
8094, 78, 140
8095, 78, 140
8096, 78, 140
8097, 78, 140
8098, 78, 140
8099, 78, 140
8100, 78, 140
8101, 78, 140
8102, 78, 140
8103, 78, 140
8104, 78, 140
8105, 78, 140
8106, 78, 140
8107, 78, 140
8108, 78, 140
8109, 78, 140
8110, 78, 140
8111, 78, 140
8112, 78, 140
8113, 78, 140
8114, 78, 140
8115, 78, 140
8116, 78, 140
8117, 78, 140
8118, 78, 140
8119, 78, 140
8120, 78, 140
8121, 78, 140
8122, 78, 140
8123, 78, 140
8124, 78, 140
8125, 78, 140
8126, 78, 140
8127, 78, 140
8128, 78, 140
8129, 78, 140
8130, 78, 140
8131, 78, 140
8132, 78, 140
8133, 78, 140
8134, 78, 140
8135, 78, 140
8136, 78, 140
8137, 78, 140
8138, 78, 140
8139, 78, 140
8140, 78, 140
8141, 78, 140
8142, 78, 140
8143, 78, 140
8144, 78, 140
8145, 78, 140
8146, 78, 140
8147, 78, 140
8148, 78, 140
8149, 78, 140
8150, 78, 140
8151, 78, 140
8152, 78, 140
8153, 78, 140
8154, 78, 140
8155, 78, 140
8156, 78, 140
8157, 78, 140
8158, 78, 140
8159, 78, 140
8160, 78, 140
8161, 78, 140
8162, 78, 140
8163, 78, 140
8164, 78, 140
8165, 78, 140
8166, 78, 140
8167, 78, 140
8168, 78, 140
8169, 78, 140
8170, 78, 140
8171, 78, 140
8172, 78, 140
8173, 78, 140
8174, 78, 140
8175, 78, 140
8176, 78, 140
8177, 78, 140
8178, 78, 140
8179, 78, 140
8180, 78, 140
8181, 78, 140
8182, 78, 140
8183, 78, 140
8184, 78, 140
8185, 78, 140
8186, 78, 140
8187, 78, 140
8188, 78, 140
8189, 78, 140
8190, 78, 140
8191, 78, 140
8192, 78, 140
8193, 78, 140
8194, 78, 140
8195, 78, 140
8196, 78, 140
8197, 78, 140
8198, 78, 140
8199, 78, 140
8200, 78, 140
8201, 78, 140
8202, 78, 140
8203, 78, 140
8204, 78, 140
8205, 78, 140
8206, 78, 140
8207, 78, 140
8208, 78, 140
8209, 78, 140
8210, 78, 140
8211, 78, 140
8212, 78, 140
8213, 78, 140
8214, 78, 140
8215, 78, 140
8216, 78, 140
8217, 78, 140
8218, 78, 140
8219, 78, 140
8220, 78, 140
8221, 78, 140
8222, 78, 140
8223, 78, 140
8224, 78, 140
8225, 78, 140
8226, 78, 140
8227, 78, 140
8228, 78, 140
8229, 78, 140
8230, 78, 140
8231, 78, 140
8232, 78, 140
8233, 78, 140
8234, 78, 140
8235, 78, 140
8236, 78, 140
8237, 78, 140
8238, 78, 140
8239, 78, 140
8240, 78, 140
8241, 78, 140
8242, 78, 140
8243, 78, 140
8244, 78, 140
8245, 78, 140
8246, 78, 140
8247, 78, 140
8248, 78, 140
8249, 78, 140
8250, 78, 140
8251, 78, 140
8252, 78, 140
8253, 78, 140
8254, 78, 140
8255, 78, 140
8256, 78, 140
8257, 78, 140
8258, 78, 140
8259, 78, 140
8260, 78, 140
8261, 78, 140
8262, 78, 140
8263, 78, 140
8264, 78, 140
8265, 78, 140
8266, 78, 140
8267, 78, 140
8268, 78, 140
8269, 78, 140
8270, 78, 140
8271, 78, 140
8272, 78, 140
8273, 78, 140
8274, 78, 140
8275, 78, 140
8276, 78, 140
8277, 78, 140
8278, 78, 140
8279, 78, 140
8280, 78, 140
8281, 78, 140
8282, 78, 140
8283, 78, 140
8284, 78, 140
8285, 78, 140
8286, 78, 140
8287, 78, 140
8288, 78, 140
8289, 78, 140
8290, 78, 140
8291, 78, 140
8292, 78, 140
8293, 78, 140
8294, 78, 140
8295, 78, 140
8296, 78, 140
8297, 78, 140
8298, 78, 140
8299, 78, 140
8300, 78, 140
8301, 78, 140
8302, 78, 140
8303, 78, 140
8304, 78, 140
8305, 78, 140
8306, 78, 140
8307, 78, 140
8308, 78, 140
8309, 78, 140
8310, 78, 140
8311, 78, 140
8312, 78, 140
8313, 78, 140
8314, 78, 140
8315, 78, 140
8316, 78, 140
8317, 78, 140
8318, 78, 140
8319, 78, 140
8320, 78, 140
8321, 78, 140
8322, 78, 140
8323, 78, 140
8324, 78, 140
8325, 78, 140
8326, 78, 140
8327, 78, 140
8328, 78, 140
8329, 78, 140
8330, 78, 140
8331, 78, 140
8332, 78, 140
8333, 78, 140
8334, 78, 140
8335, 78, 140
8336, 78, 140
8337, 78, 140
8338, 78, 140
8339, 78, 140
8340, 78, 140
8341, 78, 140
8342, 78, 140
8343, 78, 140
8344, 78, 140
8345, 78, 140
8346, 78, 140
8347, 78, 140
8348, 78, 140
8349, 78, 140
8350, 78, 140
8351, 78, 140
8352, 78, 140
8353, 78, 140
8354, 78, 140
8355, 78, 140
8356, 78, 140
8357, 78, 140
8358, 78, 140
8359, 78, 140
8360, 78, 140
8361, 78, 140
8362, 78, 140
8363, 78, 140
8364, 78, 140
8365, 78, 140
8366, 78, 140
8367, 78, 140
8368, 78, 140
8369, 78, 140
8370, 78, 140
8371, 78, 140
8372, 78, 140
8373, 78, 140
8374, 78, 140
8375, 78, 140
8376, 78, 140
8377, 78, 140
8378, 78, 140
8379, 78, 140
8380, 78, 140
8381, 78, 140
8382, 78, 140
8383, 78, 140
8384, 78, 140
8385, 78, 140
8386, 78, 140
8387, 78, 140
8388, 78, 140
8389, 78, 140
8390, 78, 140
8391, 78, 140
8392, 78, 140
8393, 78, 140
8394, 78, 140
8395, 78, 140
8396, 78, 140
8397, 78, 140
8398, 78, 140
8399, 78, 140
8400, 78, 140
8401, 78, 140
8402, 78, 140
8403, 78, 140
8404, 78, 140
8405, 78, 140
8406, 78, 140
8407, 78, 140
8408, 78, 140
8409, 78, 140
8410, 78, 140
8411, 78, 140
8412, 78, 140
8413, 78, 140
8414, 78, 140
8415, 78, 140
8416, 78, 140
8417, 78, 140
8418, 78, 140
8419, 78, 140
8420, 78, 140
8421, 78, 140
8422, 78, 140
8423, 78, 140
8424, 78, 140
8425, 78, 140
8426, 78, 140
8427, 78, 140
8428, 78, 140
8429, 78, 140
8430, 78, 140
8431, 78, 140
8432, 78, 140
8433, 78, 140
8434, 78, 140
8435, 78, 140
8436, 78, 140
8437, 78, 140
8438, 78, 140
8439, 78, 140
8440, 78, 140
8441, 78, 140
8442, 78, 140
8443, 78, 140
8444, 78, 140
8445, 78, 140
8446, 78, 140
8447, 78, 140
8448, 78, 140
8449, 78, 140
8450, 78, 140
8451, 78, 140
8452, 78, 140
8453, 78, 140
8454, 78, 140
8455, 78, 140
8456, 78, 140
8457, 78, 140
8458, 78, 140
8459, 78, 140
8460, 78, 140
8461, 78, 140
8462, 78, 140
8463, 78, 140
8464, 78, 140
8465, 78, 140
8466, 78, 140
8467, 78, 140
8468, 78, 140
8469, 78, 140
8470, 78, 140
8471, 78, 140
8472, 78, 140
8473, 78, 140
8474, 78, 140
8475, 78, 140
8476, 78, 140
8477, 78, 140
8478, 78, 140
8479, 78, 140
8480, 78, 140
8481, 78, 140
8482, 78, 140
8483, 78, 140
8484, 78, 140
8485, 78, 140
8486, 78, 140
8487, 78, 140
8488, 78, 140
8489, 78, 140
8490, 78, 140
8491, 78, 140
8492, 78, 140
8493, 78, 140
8494, 78, 140
8495, 78, 140
8496, 78, 140
8497, 78, 140
8498, 78, 140
8499, 78, 140
8500, 78, 140
8501, 78, 140
8502, 78, 140
8503, 78, 140
8504, 78, 140
8505, 78, 140
8506, 78, 140
8507, 78, 140
8508, 78, 140
8509, 78, 140
8510, 78, 140
8511, 78, 140
8512, 78, 140
8513, 78, 140
8514, 78, 140
8515, 78, 140
8516, 78, 140
8517, 78, 140
8518, 78, 140
8519, 78, 140
8520, 78, 140
8521, 78, 140
8522, 78, 140
8523, 78, 140
8524, 78, 140
8525, 78, 140
8526, 78, 140
8527, 78, 140
8528, 78, 140
8529, 78, 140
8530, 78, 140
8531, 78, 140
8532, 78, 140
8533, 78, 140
8534, 78, 140
8535, 78, 140
8536, 78, 140
8537, 78, 140
8538, 78, 140
8539, 78, 140
8540, 78, 140
8541, 78, 140
8542, 78, 140
8543, 78, 140
8544, 78, 140
8545, 78, 140
8546, 78, 140
8547, 78, 140
8548, 78, 140
8549, 78, 140
8550, 78, 140
8551, 78, 140
8552, 78, 140
8553, 78, 140
8554, 78, 140
8555, 78, 140
8556, 78, 140
8557, 78, 140
8558, 78, 140
8559, 78, 140
8560, 78, 140
8561, 78, 140
8562, 78, 140
8563, 78, 140
8564, 78, 140
8565, 78, 140
8566, 78, 140
8567, 78, 140
8568, 78, 140
8569, 78, 140
8570, 78, 140
8571, 78, 140
8572, 78, 140
8573, 78, 140
8574, 78, 140
8575, 78, 140
8576, 78, 140
8577, 78, 140
8578, 78, 140
8579, 78, 140
8580, 78, 140
8581, 78, 140
8582, 78, 140
8583, 78, 140
8584, 78, 140
8585, 78, 140
8586, 78, 140
8587, 78, 140
8588, 78, 140
8589, 78, 140
8590, 78, 140
8591, 78, 140
8592, 78, 140
8593, 78, 140
8594, 78, 140
8595, 78, 140
8596, 78, 140
8597, 78, 140
8598, 78, 140
8599, 78, 140
8600, 78, 140
8601, 78, 140
8602, 78, 140
8603, 78, 140
8604, 78, 140
8605, 78, 140
8606, 78, 140
8607, 78, 140
8608, 78, 140
8609, 78, 140
8610, 78, 140
8611, 78, 140
8612, 78, 140
8613, 78, 140
8614, 78, 140
8615, 78, 140
8616, 78, 140
8617, 78, 140
8618, 78, 140
8619, 78, 140
8620, 78, 140
8621, 78, 140
8622, 78, 140
8623, 78, 140
8624, 78, 140
8625, 78, 140
8626, 78, 140
8627, 78, 140
8628, 78, 140
8629, 78, 140
8630, 78, 140
8631, 78, 140
8632, 78, 140
8633, 78, 140
8634, 78, 140
8635, 78, 140
8636, 78, 140
8637, 78, 140
8638, 78, 140
8639, 78, 140
8640, 78, 140
8641, 78, 140
8642, 78, 140
8643, 78, 140
8644, 78, 140
8645, 78, 140
8646, 78, 140
8647, 78, 140
8648, 78, 140
8649, 78, 140
8650, 78, 140
8651, 78, 140
8652, 78, 140
8653, 78, 140
8654, 78, 140
8655, 78, 140
8656, 78, 140
8657, 78, 140
8658, 78, 140
8659, 78, 140
8660, 78, 140
8661, 78, 140
8662, 78, 140
8663, 78, 140
8664, 78, 140
8665, 78, 140
8666, 78, 140
8667, 78, 140
8668, 78, 140
8669, 78, 140
8670, 78, 140
8671, 78, 140
8672, 78, 140
8673, 78, 140
8674, 78, 140
8675, 78, 140
8676, 78, 140
8677, 78, 140
8678, 78, 140
8679, 78, 140
8680, 78, 140
8681, 78, 140
8682, 78, 140
8683, 78, 140
8684, 78, 140
8685, 78, 140
8686, 78, 140
8687, 78, 140
8688, 78, 140
8689, 78, 140
8690, 78, 140
8691, 78, 140
8692, 78, 140
8693, 78, 140
8694, 78, 140
8695, 78, 140
8696, 78, 140
8697, 78, 140
8698, 78, 140
8699, 78, 140
8700, 78, 140
8701, 78, 140
8702, 78, 140
8703, 78, 140
8704, 78, 140
8705, 78, 140
8706, 78, 140
8707, 78, 140
8708, 78, 140
8709, 78, 140
8710, 78, 140
8711, 78, 140
8712, 78, 140
8713, 78, 140
8714, 78, 140
8715, 78, 140
8716, 78, 140
8717, 78, 140
8718, 78, 140
8719, 78, 140
8720, 78, 140
8721, 78, 140
8722, 78, 140
8723, 78, 140
8724, 78, 140
8725, 78, 140
8726, 78, 140
8727, 78, 140
8728, 78, 140
8729, 78, 140
8730, 78, 140
8731, 78, 140
8732, 78, 140
8733, 78, 140
8734, 78, 140
8735, 78, 140
8736, 78, 140
8737, 78, 140
8738, 78, 140
8739, 78, 140
8740, 78, 140
8741, 78, 140
8742, 78, 140
8743, 78, 140
8744, 78, 140
8745, 78, 140
8746, 78, 140
8747, 78, 140
8748, 78, 140
8749, 78, 140
8750, 78, 140
8751, 78, 140
8752, 78, 140
8753, 78, 140
8754, 78, 140
8755, 78, 140
8756, 78, 140
8757, 78, 140
8758, 78, 140
8759, 78, 140
8760, 78, 140
8761, 78, 140
8762, 78, 140
8763, 78, 140
8764, 78, 140
8765, 78, 140
8766, 78, 140
8767, 78, 140
8768, 78, 140
8769, 78, 140
8770, 78, 140
8771, 78, 140
8772, 78, 140
8773, 78, 140
8774, 78, 140
8775, 78, 140
8776, 78, 140
8777, 78, 140
8778, 78, 140
8779, 78, 140
8780, 78, 140
8781, 78, 140
8782, 78, 140
8783, 78, 140
8784, 78, 140
8785, 78, 140
8786, 78, 140
8787, 78, 140
8788, 78, 140
8789, 78, 140
8790, 78, 140
8791, 78, 140
8792, 78, 140
8793, 78, 140
8794, 78, 140
8795, 78, 140
8796, 78, 140
8797, 78, 140
8798, 78, 140
8799, 78, 140
8800, 78, 140
8801, 78, 140
8802, 78, 140
8803, 78, 140
8804, 78, 140
8805, 78, 140
8806, 78, 140
8807, 78, 140
8808, 78, 140
8809, 78, 140
8810, 78, 140
8811, 78, 140
8812, 78, 140
8813, 78, 140
8814, 78, 140
8815, 78, 140
8816, 78, 140
8817, 78, 140
8818, 78, 140
8819, 78, 140
8820, 78, 140
8821, 78, 140
8822, 78, 140
8823, 78, 140
8824, 78, 140
8825, 78, 140
8826, 78, 140
8827, 78, 140
8828, 78, 140
8829, 78, 140
8830, 78, 140
8831, 78, 140
8832, 78, 140
8833, 78, 140
8834, 78, 140
8835, 78, 140
8836, 78, 140
8837, 78, 140
8838, 78, 140
8839, 78, 140
8840, 78, 140
8841, 78, 140
8842, 78, 140
8843, 78, 140
8844, 78, 140
8845, 78, 140
8846, 78, 140
8847, 78, 140
8848, 78, 140
8849, 78, 140
8850, 78, 140
8851, 78, 140
8852, 78, 140
8853, 78, 140
8854, 78, 140
8855, 78, 140
8856, 78, 140
8857, 78, 140
8858, 78, 140
8859, 78, 140
8860, 78, 140
8861, 78, 140
8862, 78, 140
8863, 78, 140
8864, 78, 140
8865, 78, 140
8866, 78, 140
8867, 78, 140
8868, 78, 140
8869, 78, 140
8870, 78, 140
8871, 78, 140
8872, 78, 140
8873, 78, 140
8874, 78, 140
8875, 78, 140
8876, 78, 140
8877, 78, 140
8878, 78, 140
8879, 78, 140
8880, 78, 140
8881, 78, 140
8882, 78, 140
8883, 78, 140
8884, 78, 140
8885, 78, 140
8886, 78, 140
8887, 78, 140
8888, 78, 140
8889, 78, 140
8890, 78, 140
8891, 78, 140
8892, 78, 140
8893, 78, 140
8894, 78, 140
8895, 78, 140
8896, 78, 140
8897, 78, 140
8898, 78, 140
8899, 78, 140
8900, 78, 140
8901, 78, 140
8902, 78, 140
8903, 78, 140
8904, 78, 140
8905, 78, 140
8906, 78, 140
8907, 78, 140
8908, 78, 140
8909, 78, 140
8910, 78, 140
8911, 78, 140
8912, 78, 140
8913, 78, 140
8914, 78, 140
8915, 78, 140
8916, 78, 140
8917, 78, 140
8918, 78, 140
8919, 78, 140
8920, 78, 140
8921, 78, 140
8922, 78, 140
8923, 78, 140
8924, 78, 140
8925, 78, 140
8926, 78, 140
8927, 78, 140
8928, 78, 140
8929, 78, 140
8930, 78, 140
8931, 78, 140
8932, 78, 140
8933, 78, 140
8934, 78, 140
8935, 78, 140
8936, 78, 140
8937, 78, 140
8938, 78, 140
8939, 78, 140
8940, 78, 140
8941, 78, 140
8942, 78, 140
8943, 78, 140
8944, 78, 140
8945, 78, 140
8946, 78, 140
8947, 78, 140
8948, 78, 140
8949, 78, 140
8950, 78, 140
8951, 78, 140
8952, 78, 140
8953, 78, 140
8954, 78, 140
8955, 78, 140
8956, 78, 140
8957, 78, 140
8958, 78, 140
8959, 78, 140
8960, 78, 140
8961, 78, 140
8962, 78, 140
8963, 78, 140
8964, 78, 140
8965, 78, 140
8966, 78, 140
8967, 78, 140
8968, 78, 140
8969, 78, 140
8970, 78, 140
8971, 78, 140
8972, 78, 140
8973, 78, 140
8974, 78, 140
8975, 78, 140
8976, 78, 140
8977, 78, 140
8978, 78, 140
8979, 78, 140
8980, 78, 140
8981, 78, 140
8982, 78, 140
8983, 78, 140
8984, 78, 140
8985, 78, 140
8986, 78, 140
8987, 78, 140
8988, 78, 140
8989, 78, 140
8990, 78, 140
8991, 78, 140
8992, 78, 140
8993, 78, 140
8994, 78, 140
8995, 78, 140
8996, 78, 140
8997, 78, 140
8998, 78, 140
8999, 78, 140
9000, 78, 140
9001, 78, 140
9002, 78, 140
9003, 78, 140
9004, 78, 140
9005, 78, 140
9006, 78, 140
9007, 78, 140
9008, 78, 140
9009, 78, 140
9010, 78, 140
9011, 78, 140
9012, 78, 140
9013, 78, 140
9014, 78, 140
9015, 78, 140
9016, 78, 140
9017, 78, 140
9018, 78, 140
9019, 78, 140
9020, 78, 140
9021, 78, 140
9022, 78, 140
9023, 78, 140
9024, 78, 140
9025, 78, 140
9026, 78, 140
9027, 78, 140
9028, 78, 140
9029, 78, 140
9030, 78, 140
9031, 78, 140
9032, 78, 140
9033, 78, 140
9034, 78, 140
9035, 78, 140
9036, 78, 140
9037, 78, 140
9038, 78, 140
9039, 78, 140
9040, 78, 140
9041, 78, 140
9042, 78, 140
9043, 78, 140
9044, 78, 140
9045, 78, 140
9046, 78, 140
9047, 78, 140
9048, 78, 140
9049, 78, 140
9050, 78, 140
9051, 78, 140
9052, 78, 140
9053, 78, 140
9054, 78, 140
9055, 78, 140
9056, 78, 140
9057, 78, 140
9058, 78, 140
9059, 78, 140
9060, 78, 140
9061, 78, 140
9062, 78, 140
9063, 78, 140
9064, 78, 140
9065, 78, 140
9066, 78, 140
9067, 78, 140
9068, 78, 140
9069, 78, 140
9070, 78, 140
9071, 78, 140
9072, 78, 140
9073, 78, 140
9074, 78, 140
9075, 78, 140
9076, 78, 140
9077, 78, 140
9078, 78, 140
9079, 78, 140
9080, 78, 140
9081, 78, 140
9082, 78, 140
9083, 78, 140
9084, 78, 140
9085, 78, 140
9086, 78, 140
9087, 78, 140
9088, 78, 140
9089, 78, 140
9090, 78, 140
9091, 78, 140
9092, 78, 140
9093, 78, 140
9094, 78, 140
9095, 78, 140
9096, 78, 140
9097, 78, 140
9098, 78, 140
9099, 78, 140
9100, 78, 140
9101, 78, 140
9102, 78, 140
9103, 78, 140
9104, 78, 140
9105, 78, 140
9106, 78, 140
9107, 78, 140
9108, 78, 140
9109, 78, 140
9110, 78, 140
9111, 78, 140
9112, 78, 140
9113, 78, 140
9114, 78, 140
9115, 78, 140
9116, 78, 140
9117, 78, 140
9118, 78, 140
9119, 78, 140
9120, 78, 140
9121, 78, 140
9122, 78, 140
9123, 78, 140
9124, 78, 140
9125, 78, 140
9126, 78, 140
9127, 78, 140
9128, 78, 140
9129, 78, 140
9130, 78, 140
9131, 78, 140
9132, 78, 140
9133, 78, 140
9134, 78, 140
9135, 78, 140
9136, 78, 140
9137, 78, 140
9138, 78, 140
9139, 78, 140
9140, 78, 140
9141, 78, 140
9142, 78, 140
9143, 78, 140
9144, 78, 140
9145, 78, 140
9146, 78, 140
9147, 78, 140
9148, 78, 140
9149, 78, 140
9150, 78, 140
9151, 78, 140
9152, 78, 140
9153, 78, 140
9154, 78, 140
9155, 78, 140
9156, 78, 140
9157, 78, 140
9158, 78, 140
9159, 78, 140
9160, 78, 140
9161, 78, 140
9162, 78, 140
9163, 78, 140
9164, 78, 140
9165, 78, 140
9166, 78, 140
9167, 78, 140
9168, 78, 140
9169, 78, 140
9170, 78, 140
9171, 78, 140
9172, 78, 140
9173, 78, 140
9174, 78, 140
9175, 78, 140
9176, 78, 140
9177, 78, 140
9178, 78, 140
9179, 78, 140
9180, 78, 140
9181, 78, 140
9182, 78, 140
9183, 78, 140
9184, 78, 140
9185, 78, 140
9186, 78, 140
9187, 78, 140
9188, 78, 140
9189, 78, 140
9190, 78, 140
9191, 78, 140
9192, 78, 140
9193, 78, 140
9194, 78, 140
9195, 78, 140
9196, 78, 140
9197, 78, 140
9198, 78, 140
9199, 78, 140
9200, 78, 140
9201, 78, 140
9202, 78, 140
9203, 78, 140
9204, 78, 140
9205, 78, 140
9206, 78, 140
9207, 78, 140
9208, 78, 140
9209, 78, 140
9210, 78, 140
9211, 78, 140
9212, 78, 140
9213, 78, 140
9214, 78, 140
9215, 78, 140
9216, 78, 140
9217, 78, 140
9218, 78, 140
9219, 78, 140
9220, 78, 140
9221, 78, 140
9222, 78, 140
9223, 78, 140
9224, 78, 140
9225, 78, 140
9226, 78, 140
9227, 78, 140
9228, 78, 140
9229, 78, 140
9230, 78, 140
9231, 78, 140
9232, 78, 140
9233, 78, 140
9234, 78, 140
9235, 78, 140
9236, 78, 140
9237, 78, 140
9238, 78, 140
9239, 78, 140
9240, 78, 140
9241, 78, 140
9242, 78, 140
9243, 78, 140
9244, 78, 140
9245, 78, 140
9246, 78, 140
9247, 78, 140
9248, 78, 140
9249, 78, 140
9250, 78, 140
9251, 78, 140
9252, 78, 140
9253, 78, 140
9254, 78, 140
9255, 78, 140
9256, 78, 140
9257, 78, 140
9258, 78, 140
9259, 78, 140
9260, 78, 140
9261, 78, 140
9262, 78, 140
9263, 78, 140
9264, 78, 140
9265, 78, 140
9266, 78, 140
9267, 78, 140
9268, 78, 140
9269, 78, 140
9270, 78, 140
9271, 78, 140
9272, 78, 140
9273, 78, 140
9274, 78, 140
9275, 78, 140
9276, 78, 140
9277, 78, 140
9278, 78, 140
9279, 78, 140
9280, 78, 140
9281, 78, 140
9282, 78, 140
9283, 78, 140
9284, 78, 140
9285, 78, 140
9286, 78, 140
9287, 78, 140
9288, 78, 140
9289, 78, 140
9290, 78, 140
9291, 78, 140
9292, 78, 140
9293, 78, 140
9294, 78, 140
9295, 78, 140
9296, 78, 140
9297, 78, 140
9298, 78, 140
9299, 78, 140
9300, 78, 140
9301, 78, 140
9302, 78, 140
9303, 78, 140
9304, 78, 140
9305, 78, 140
9306, 78, 140
9307, 78, 140
9308, 78, 140
9309, 78, 140
9310, 78, 140
9311, 78, 140
9312, 78, 140
9313, 78, 140
9314, 78, 140
9315, 78, 140
9316, 78, 140
9317, 78, 140
9318, 78, 140
9319, 78, 140
9320, 78, 140
9321, 78, 140
9322, 78, 140
9323, 78, 140
9324, 78, 140
9325, 78, 140
9326, 78, 140
9327, 78, 140
9328, 78, 140
9329, 78, 140
9330, 78, 140
9331, 78, 140
9332, 78, 140
9333, 78, 140
9334, 78, 140
9335, 78, 140
9336, 78, 140
9337, 78, 140
9338, 78, 140
9339, 78, 140
9340, 78, 140
9341, 78, 140
9342, 78, 140
9343, 78, 140
9344, 78, 140
9345, 78, 140
9346, 78, 140
9347, 78, 140
9348, 78, 140
9349, 78, 140
9350, 78, 140
9351, 78, 140
9352, 78, 140
9353, 78, 140
9354, 78, 140
9355, 78, 140
9356, 78, 140
9357, 78, 140
9358, 78, 140
9359, 78, 140
9360, 78, 140
9361, 78, 140
9362, 78, 140
9363, 78, 140
9364, 78, 140
9365, 78, 140
9366, 78, 140
9367, 78, 140
9368, 78, 140
9369, 78, 140
9370, 78, 140
9371, 78, 140
9372, 78, 140
9373, 78, 140
9374, 78, 140
9375, 78, 140
9376, 78, 140
9377, 78, 140
9378, 78, 140
9379, 78, 140
9380, 78, 140
9381, 78, 140
9382, 78, 140
9383, 78, 140
9384, 78, 140
9385, 78, 140
9386, 78, 140
9387, 78, 140
9388, 78, 140
9389, 78, 140
9390, 78, 140
9391, 78, 140
9392, 78, 140
9393, 78, 140
9394, 78, 140
9395, 78, 140
9396, 78, 140
9397, 78, 140
9398, 78, 140
9399, 78, 140
9400, 78, 140
9401, 78, 140
9402, 78, 140
9403, 78, 140
9404, 78, 140
9405, 78, 140
9406, 78, 140
9407, 78, 140
9408, 78, 140
9409, 78, 140
9410, 78, 140
9411, 78, 140
9412, 78, 140
9413, 78, 140
9414, 78, 140
9415, 78, 140
9416, 78, 140
9417, 78, 140
9418, 78, 140
9419, 78, 140
9420, 78, 140
9421, 78, 140
9422, 78, 140
9423, 78, 140
9424, 78, 140
9425, 78, 140
9426, 78, 140
9427, 78, 140
9428, 78, 140
9429, 78, 140
9430, 78, 140
9431, 78, 140
9432, 78, 140
9433, 78, 140
9434, 78, 140
9435, 78, 140
9436, 78, 140
9437, 78, 140
9438, 78, 140
9439, 78, 140
9440, 78, 140
9441, 78, 140
9442, 78, 140
9443, 78, 140
9444, 78, 140
9445, 78, 140
9446, 78, 140
9447, 78, 140
9448, 78, 140
9449, 78, 140
9450, 78, 140
9451, 78, 140
9452, 78, 140
9453, 78, 140
9454, 78, 140
9455, 78, 140
9456, 78, 140
9457, 78, 140
9458, 78, 140
9459, 78, 140
9460, 78, 140
9461, 78, 140
9462, 78, 140
9463, 78, 140
9464, 78, 140
9465, 78, 140
9466, 78, 140
9467, 78, 140
9468, 78, 140
9469, 78, 140
9470, 78, 140
9471, 78, 140
9472, 78, 140
9473, 78, 140
9474, 78, 140
9475, 78, 140
9476, 78, 140
9477, 78, 140
9478, 78, 140
9479, 78, 140
9480, 78, 140
9481, 78, 140
9482, 78, 140
9483, 78, 140
9484, 78, 140
9485, 78, 140
9486, 78, 140
9487, 78, 140
9488, 78, 140
9489, 78, 140
9490, 78, 140
9491, 78, 140
9492, 78, 140
9493, 78, 140
9494, 78, 140
9495, 78, 140
9496, 78, 140
9497, 78, 140
9498, 78, 140
9499, 78, 140
9500, 78, 140
9501, 78, 140
9502, 78, 140
9503, 78, 140
9504, 78, 140
9505, 78, 140
9506, 78, 140
9507, 78, 140
9508, 78, 140
9509, 78, 140
9510, 78, 140
9511, 78, 140
9512, 78, 140
9513, 78, 140
9514, 78, 140
9515, 78, 140
9516, 78, 140
9517, 78, 140
9518, 78, 140
9519, 78, 140
9520, 78, 140
9521, 78, 140
9522, 78, 140
9523, 78, 140
9524, 78, 140
9525, 78, 140
9526, 78, 140
9527, 78, 140
9528, 78, 140
9529, 78, 140
9530, 78, 140
9531, 78, 140
9532, 78, 140
9533, 78, 140
9534, 78, 140
9535, 78, 140
9536, 78, 140
9537, 78, 140
9538, 78, 140
9539, 78, 140
9540, 78, 140
9541, 78, 140
9542, 78, 140
9543, 78, 140
9544, 78, 140
9545, 78, 140
9546, 78, 140
9547, 78, 140
9548, 78, 140
9549, 78, 140
9550, 78, 140
9551, 78, 140
9552, 78, 140
9553, 78, 140
9554, 78, 140
9555, 78, 140
9556, 78, 140
9557, 78, 140
9558, 78, 140
9559, 78, 140
9560, 78, 140
9561, 78, 140
9562, 78, 140
9563, 78, 140
9564, 78, 140
9565, 78, 140
9566, 78, 140
9567, 78, 140
9568, 78, 140
9569, 78, 140
9570, 78, 140
9571, 78, 140
9572, 78, 140
9573, 78, 140
9574, 78, 140
9575, 78, 140
9576, 78, 140
9577, 78, 140
9578, 78, 140
9579, 78, 140
9580, 78, 140
9581, 78, 140
9582, 78, 140
9583, 78, 140
9584, 78, 140
9585, 78, 140
9586, 78, 140
9587, 78, 140
9588, 78, 140
9589, 78, 140
9590, 78, 140
9591, 78, 140
9592, 78, 140
9593, 78, 140
9594, 78, 140
9595, 78, 140
9596, 78, 140
9597, 78, 140
9598, 78, 140
9599, 78, 140
9600, 78, 140
9601, 78, 140
9602, 78, 140
9603, 78, 140
9604, 78, 140
9605, 78, 140
9606, 78, 140
9607, 78, 140
9608, 78, 140
9609, 78, 140
9610, 78, 140
9611, 78, 140
9612, 78, 140
9613, 78, 140
9614, 78, 140
9615, 78, 140
9616, 78, 140
9617, 78, 140
9618, 78, 140
9619, 78, 140
9620, 78, 140
9621, 78, 140
9622, 78, 140
9623, 78, 140
9624, 78, 140
9625, 78, 140
9626, 78, 140
9627, 78, 140
9628, 78, 140
9629, 78, 140
9630, 78, 140
9631, 78, 140
9632, 78, 140
9633, 78, 140
9634, 78, 140
9635, 78, 140
9636, 78, 140
9637, 78, 140
9638, 78, 140
9639, 78, 140
9640, 78, 140
9641, 78, 140
9642, 78, 140
9643, 78, 140
9644, 78, 140
9645, 78, 140
9646, 78, 140
9647, 78, 140
9648, 78, 140
9649, 78, 140
9650, 78, 140
9651, 78, 140
9652, 78, 140
9653, 78, 140
9654, 78, 140
9655, 78, 140
9656, 78, 140
9657, 78, 140
9658, 78, 140
9659, 78, 140
9660, 78, 140
9661, 78, 140
9662, 78, 140
9663, 78, 140
9664, 78, 140
9665, 78, 140
9666, 78, 140
9667, 78, 140
9668, 78, 140
9669, 78, 140
9670, 78, 140
9671, 78, 140
9672, 78, 140
9673, 78, 140
9674, 78, 140
9675, 78, 140
9676, 78, 140
9677, 78, 140
9678, 78, 140
9679, 78, 140
9680, 78, 140
9681, 78, 140
9682, 78, 140
9683, 78, 140
9684, 78, 140
9685, 78, 140
9686, 78, 140
9687, 78, 140
9688, 78, 140
9689, 78, 140
9690, 78, 140
9691, 78, 140
9692, 78, 140
9693, 78, 140
9694, 78, 140
9695, 78, 140
9696, 78, 140
9697, 78, 140
9698, 78, 140
9699, 78, 140
9700, 78, 140
9701, 78, 140
9702, 78, 140
9703, 78, 140
9704, 78, 140
9705, 78, 140
9706, 78, 140
9707, 78, 140
9708, 78, 140
9709, 78, 140
9710, 78, 140
9711, 78, 140
9712, 78, 140
9713, 78, 140
9714, 78, 140
9715, 78, 140
9716, 78, 140
9717, 78, 140
9718, 78, 140
9719, 78, 140
9720, 78, 140
9721, 78, 140
9722, 78, 140
9723, 78, 140
9724, 78, 140
9725, 78, 140
9726, 78, 140
9727, 78, 140
9728, 78, 140
9729, 78, 140
9730, 78, 140
9731, 78, 140
9732, 78, 140
9733, 78, 140
9734, 78, 140
9735, 78, 140
9736, 78, 140
9737, 78, 140
9738, 78, 140
9739, 78, 140
9740, 78, 140
9741, 78, 140
9742, 78, 140
9743, 78, 140
9744, 78, 140
9745, 78, 140
9746, 78, 140
9747, 78, 140
9748, 78, 140
9749, 78, 140
9750, 78, 140
9751, 78, 140
9752, 78, 140
9753, 78, 140
9754, 78, 140
9755, 78, 140
9756, 78, 140
9757, 78, 140
9758, 78, 140
9759, 78, 140
9760, 78, 140
9761, 78, 140
9762, 78, 140
9763, 78, 140
9764, 78, 140
9765, 78, 140
9766, 78, 140
9767, 78, 140
9768, 78, 140
9769, 78, 140
9770, 78, 140
9771, 78, 140
9772, 78, 140
9773, 78, 140
9774, 78, 140
9775, 78, 140
9776, 78, 140
9777, 78, 140
9778, 78, 140
9779, 78, 140
9780, 78, 140
9781, 78, 140
9782, 78, 140
9783, 78, 140
9784, 78, 140
9785, 78, 140
9786, 78, 140
9787, 78, 140
9788, 78, 140
9789, 78, 140
9790, 78, 140
9791, 78, 140
9792, 78, 140
9793, 78, 140
9794, 78, 140
9795, 78, 140
9796, 78, 140
9797, 78, 140
9798, 78, 140
9799, 78, 140
9800, 78, 140
9801, 78, 140
9802, 78, 140
9803, 78, 140
9804, 78, 140
9805, 78, 140
9806, 78, 140
9807, 78, 140
9808, 78, 140
9809, 78, 140
9810, 78, 140
9811, 78, 140
9812, 78, 140
9813, 78, 140
9814, 78, 140
9815, 78, 140
9816, 78, 140
9817, 78, 140
9818, 78, 140
9819, 78, 140
9820, 78, 140
9821, 78, 140
9822, 78, 140
9823, 78, 140
9824, 78, 140
9825, 78, 140
9826, 78, 140
9827, 78, 140
9828, 78, 140
9829, 78, 140
9830, 78, 140
9831, 78, 140
9832, 78, 140
9833, 78, 140
9834, 78, 140
9835, 78, 140
9836, 78, 140
9837, 78, 140
9838, 78, 140
9839, 78, 140
9840, 78, 140
9841, 78, 140
9842, 78, 140
9843, 78, 140
9844, 78, 140
9845, 78, 140
9846, 78, 140
9847, 78, 140
9848, 78, 140
9849, 78, 140
9850, 78, 140
9851, 78, 140
9852, 78, 140
9853, 78, 140
9854, 78, 140
9855, 78, 140
9856, 78, 140
9857, 78, 140
9858, 78, 140
9859, 78, 140
9860, 78, 140
9861, 78, 140
9862, 78, 140
9863, 78, 140
9864, 78, 140
9865, 78, 140
9866, 78, 140
9867, 78, 140
9868, 78, 140
9869, 78, 140
9870, 78, 140
9871, 78, 140
9872, 78, 140
9873, 78, 140
9874, 78, 140
9875, 78, 140
9876, 78, 140
9877, 78, 140
9878, 78, 140
9879, 78, 140
9880, 78, 140
9881, 78, 140
9882, 78, 140
9883, 78, 140
9884, 78, 140
9885, 78, 140
9886, 78, 140
9887, 78, 140
9888, 78, 140
9889, 78, 140
9890, 78, 140
9891, 78, 140
9892, 78, 140
9893, 78, 140
9894, 78, 140
9895, 78, 140
9896, 78, 140
9897, 78, 140
9898, 78, 140
9899, 78, 140
9900, 78, 140
9901, 78, 140
9902, 78, 140
9903, 78, 140
9904, 78, 140
9905, 78, 140
9906, 78, 140
9907, 78, 140
9908, 78, 140
9909, 78, 140
9910, 78, 140
9911, 78, 140
9912, 78, 140
9913, 78, 140
9914, 78, 140
9915, 78, 140
9916, 78, 140
9917, 78, 140
9918, 78, 140
9919, 78, 140
9920, 78, 140
9921, 78, 140
9922, 78, 140
9923, 78, 140
9924, 78, 140
9925, 78, 140
9926, 78, 140
9927, 78, 140
9928, 78, 140
9929, 78, 140
9930, 78, 140
9931, 78, 140
9932, 78, 140
9933, 78, 140
9934, 78, 140
9935, 78, 140
9936, 78, 140
9937, 78, 140
9938, 78, 140
9939, 78, 140
9940, 78, 140
9941, 78, 140
9942, 78, 140
9943, 78, 140
9944, 78, 140
9945, 78, 140
9946, 78, 140
9947, 78, 140
9948, 78, 140
9949, 78, 140
9950, 78, 140
9951, 78, 140
9952, 78, 140
9953, 78, 140
9954, 78, 140
9955, 78, 140
9956, 78, 140
9957, 78, 140
9958, 78, 140
9959, 78, 140
9960, 78, 140
9961, 78, 140
9962, 78, 140
9963, 78, 140
9964, 78, 140
9965, 78, 140
9966, 78, 140
9967, 78, 140
9968, 78, 140
9969, 78, 140
9970, 78, 140
9971, 78, 140
9972, 78, 140
9973, 78, 140
9974, 78, 140
9975, 78, 140
9976, 78, 140
9977, 78, 140
9978, 78, 140
9979, 78, 140
9980, 78, 140
9981, 78, 140
9982, 78, 140
9983, 78, 140
9984, 78, 140
9985, 78, 140
9986, 78, 140
9987, 78, 140
9988, 78, 140
9989, 78, 140
9990, 78, 140
9991, 78, 140
9992, 78, 140
9993, 78, 140
9994, 78, 140
9995, 78, 140
9996, 78, 140
9997, 78, 140
9998, 78, 140
9999, 78, 140
10000, 78, 140
10001, 78, 140
10002, 78, 140
10003, 78, 140
10004, 78, 140
10005, 78, 140
10006, 78, 140
10007, 78, 140
10008, 78, 140
10009, 78, 140
10010, 78, 140
10011, 78, 140
10012, 78, 140
10013, 78, 140
10014, 78, 140
10015, 78, 140
10016, 78, 140
10017, 78, 140
10018, 78, 140
10019, 78, 140
10020, 78, 140
10021, 78, 140
10022, 78, 140
10023, 78, 140
10024, 78, 140
10025, 78, 140
10026, 78, 140
10027, 78, 140
10028, 78, 140
10029, 78, 140
10030, 78, 140
10031, 78, 140
10032, 78, 140
10033, 78, 140
10034, 78, 140
10035, 78, 140
10036, 78, 140
10037, 78, 140
10038, 78, 140
10039, 78, 140
10040, 78, 140
10041, 78, 140
10042, 78, 140
10043, 78, 140
10044, 78, 140
10045, 78, 140
10046, 78, 140
10047, 78, 140
10048, 78, 140
10049, 78, 140
10050, 78, 140
10051, 78, 140
10052, 78, 140
10053, 78, 140
10054, 78, 140
10055, 78, 140
10056, 78, 140
10057, 78, 140
10058, 78, 140
10059, 78, 140
10060, 78, 140
10061, 78, 140
10062, 78, 140
10063, 78, 140
10064, 78, 140
10065, 78, 140
10066, 78, 140
10067, 78, 140
10068, 78, 140
10069, 78, 140
10070, 78, 140
10071, 78, 140
10072, 78, 140
10073, 78, 140
10074, 78, 140
10075, 78, 140
10076, 78, 140
10077, 78, 140
10078, 78, 140
10079, 78, 140
10080, 78, 140
10081, 78, 140
10082, 78, 140
10083, 78, 140
10084, 78, 140
10085, 78, 140
10086, 78, 140
10087, 78, 140
10088, 78, 140
10089, 78, 140
10090, 78, 140
10091, 78, 140
10092, 78, 140
10093, 78, 140
10094, 78, 140
10095, 78, 140
10096, 78, 140
10097, 78, 140
10098, 78, 140
10099, 78, 140
10100, 78, 140
10101, 78, 140
10102, 78, 140
10103, 78, 140
10104, 78, 140
10105, 78, 140
10106, 78, 140
10107, 78, 140
10108, 78, 140
10109, 78, 140
10110, 78, 140
10111, 78, 140
10112, 78, 140
10113, 78, 140
10114, 78, 140
10115, 78, 140
10116, 78, 140
10117, 78, 140
10118, 78, 140
10119, 78, 140
10120, 78, 140
10121, 78, 140
10122, 78, 140
10123, 78, 140
10124, 78, 140
10125, 78, 140
10126, 78, 140
10127, 78, 140
10128, 78, 140
10129, 78, 140
10130, 78, 140
10131, 78, 140
10132, 78, 140
10133, 78, 140
10134, 78, 140
10135, 78, 140
10136, 78, 140
10137, 78, 140
10138, 78, 140
10139, 78, 140
10140, 78, 140
10141, 78, 140
10142, 78, 140
10143, 78, 140
10144, 78, 140
10145, 78, 140
10146, 78, 140
10147, 78, 140
10148, 78, 140
10149, 78, 140
10150, 78, 140
10151, 78, 140
10152, 78, 140
10153, 78, 140
10154, 78, 140
10155, 78, 140
10156, 78, 140
10157, 78, 140
10158, 78, 140
10159, 78, 140
10160, 78, 140
10161, 78, 140
10162, 78, 140
10163, 78, 140
10164, 78, 140
10165, 78, 140
10166, 78, 140
10167, 78, 140
10168, 78, 140
10169, 78, 140
10170, 78, 140
10171, 78, 140
10172, 78, 140
10173, 78, 140
10174, 78, 140
10175, 78, 140
10176, 78, 140
10177, 78, 140
10178, 78, 140
10179, 78, 140
10180, 78, 140
10181, 78, 140
10182, 78, 140
10183, 78, 140
10184, 78, 140
10185, 78, 140
10186, 78, 140
10187, 78, 140
10188, 78, 140
10189, 78, 140
10190, 78, 140
10191, 78, 140
10192, 78, 140
10193, 78, 140
10194, 78, 140
10195, 78, 140
10196, 78, 140
10197, 78, 140
10198, 78, 140
10199, 78, 140
10200, 78, 140
10201, 78, 140
10202, 78, 140
10203, 78, 140
10204, 78, 140
10205, 78, 140
10206, 78, 140
10207, 78, 140
10208, 78, 140
10209, 78, 140
10210, 78, 140
10211, 78, 140
10212, 78, 140
10213, 78, 140
10214, 78, 140
10215, 78, 140
10216, 78, 140
10217, 78, 140
10218, 78, 140
10219, 78, 140
10220, 78, 140
10221, 78, 140
10222, 78, 140
10223, 78, 140
10224, 78, 140
10225, 78, 140
10226, 78, 140
10227, 78, 140
10228, 78, 140
10229, 78, 140
10230, 78, 140
10231, 78, 140
10232, 78, 140
10233, 78, 140
10234, 78, 140
10235, 78, 140
10236, 78, 140
10237, 78, 140
10238, 78, 140
10239, 78, 140
10240, 78, 140
10241, 78, 140
10242, 78, 140
10243, 78, 140
10244, 78, 140
10245, 78, 140
10246, 78, 140
10247, 78, 140
10248, 78, 140
10249, 78, 140
10250, 78, 140
10251, 78, 140
10252, 78, 140
10253, 78, 140
10254, 78, 140
10255, 78, 140
10256, 78, 140
10257, 78, 140
10258, 78, 140
10259, 78, 140
10260, 78, 140
10261, 78, 140
10262, 78, 140
10263, 78, 140
10264, 78, 140
10265, 78, 140
10266, 78, 140
10267, 78, 140
10268, 78, 140
10269, 78, 140
10270, 78, 140
10271, 78, 140
10272, 78, 140
10273, 78, 140
10274, 78, 140
10275, 78, 140
10276, 78, 140
10277, 78, 140
10278, 78, 140
10279, 78, 140
10280, 78, 140
10281, 78, 140
10282, 78, 140
10283, 78, 140
10284, 78, 140
10285, 78, 140
10286, 78, 140
10287, 78, 140
10288, 78, 140
10289, 78, 140
10290, 78, 140
10291, 78, 140
10292, 78, 140
10293, 78, 140
10294, 78, 140
10295, 78, 140
10296, 78, 140
10297, 78, 140
10298, 78, 140
10299, 78, 140
10300, 78, 140
10301, 78, 140
10302, 78, 140
10303, 78, 140
10304, 78, 140
10305, 78, 140
10306, 78, 140
10307, 78, 140
10308, 78, 140
10309, 78, 140
10310, 78, 140
10311, 78, 140
10312, 78, 140
10313, 78, 140
10314, 78, 140
10315, 78, 140
10316, 78, 140
10317, 78, 140
10318, 78, 140
10319, 78, 140
10320, 78, 140
10321, 78, 140
10322, 78, 140
10323, 78, 140
10324, 78, 140
10325, 78, 140
10326, 78, 140
10327, 78, 140
10328, 78, 140
10329, 78, 140
10330, 78, 140
10331, 78, 140
10332, 78, 140
10333, 78, 140
10334, 78, 140
10335, 78, 140
10336, 78, 140
10337, 78, 140
10338, 78, 140
10339, 78, 140
10340, 78, 140
10341, 78, 140
10342, 78, 140
10343, 78, 140
10344, 78, 140
10345, 78, 140
10346, 78, 140
10347, 78, 140
10348, 78, 140
10349, 78, 140
10350, 78, 140
10351, 78, 140
10352, 78, 140
10353, 78, 140
10354, 78, 140
10355, 78, 140
10356, 78, 140
10357, 78, 140
10358, 78, 140
10359, 78, 140
10360, 78, 140
10361, 78, 140
10362, 78, 140
10363, 78, 140
10364, 78, 140
10365, 78, 140
10366, 78, 140
10367, 78, 140
10368, 78, 140
10369, 78, 140
10370, 78, 140
10371, 78, 140
10372, 78, 140
10373, 78, 140
10374, 78, 140
10375, 78, 140
10376, 78, 140
10377, 78, 140
10378, 78, 140
10379, 78, 140
10380, 78, 140
10381, 78, 140
10382, 78, 140
10383, 78, 140
10384, 78, 140
10385, 78, 140
10386, 78, 140
10387, 78, 140
10388, 78, 140
10389, 78, 140
10390, 78, 140
10391, 78, 140
10392, 78, 140
10393, 78, 140
10394, 78, 140
10395, 78, 140
10396, 78, 140
10397, 78, 140
10398, 78, 140
10399, 78, 140
10400, 78, 140
10401, 78, 140
10402, 78, 140
10403, 78, 140
10404, 78, 140
10405, 78, 140
10406, 78, 140
10407, 78, 140
10408, 78, 140
10409, 78, 140
10410, 78, 140
10411, 78, 140
10412, 78, 140
10413, 78, 140
10414, 78, 140
10415, 78, 140
10416, 78, 140
10417, 78, 140
10418, 78, 140
10419, 78, 140
10420, 78, 140
10421, 78, 140
10422, 78, 140
10423, 78, 140
10424, 78, 140
10425, 78, 140
10426, 78, 140
10427, 78, 140
10428, 78, 140
10429, 78, 140
10430, 78, 140
10431, 78, 140
10432, 78, 140
10433, 78, 140
10434, 78, 140
10435, 78, 140
10436, 78, 140
10437, 78, 140
10438, 78, 140
10439, 78, 140
10440, 78, 140
10441, 78, 140
10442, 78, 140
10443, 78, 140
10444, 78, 140
10445, 78, 140
10446, 78, 140
10447, 78, 140
10448, 78, 140
10449, 78, 140
10450, 78, 140
10451, 78, 140
10452, 78, 140
10453, 78, 140
10454, 78, 140
10455, 78, 140
10456, 78, 140
10457, 78, 140
10458, 78, 140
10459, 78, 140
10460, 78, 140
10461, 78, 140
10462, 78, 140
10463, 78, 140
10464, 78, 140
10465, 78, 140
10466, 78, 140
10467, 78, 140
10468, 78, 140
10469, 78, 140
10470, 78, 140
10471, 78, 140
10472, 78, 140
10473, 78, 140
10474, 78, 140
10475, 78, 140
10476, 78, 140
10477, 78, 140
10478, 78, 140
10479, 78, 140
10480, 78, 140
10481, 78, 140
10482, 78, 140
10483, 78, 140
10484, 78, 140
10485, 78, 140
10486, 78, 140
10487, 78, 140
10488, 78, 140
10489, 78, 140
10490, 78, 140
10491, 78, 140
10492, 78, 140
10493, 78, 140
10494, 78, 140
10495, 78, 140
10496, 78, 140
10497, 78, 140
10498, 78, 140
10499, 78, 140
10500, 78, 140
10501, 78, 140
10502, 78, 140
10503, 78, 140
10504, 78, 140
10505, 78, 140
10506, 78, 140
10507, 78, 140
10508, 78, 140
10509, 78, 140
10510, 78, 140
10511, 78, 140
10512, 78, 140
10513, 78, 140
10514, 78, 140
10515, 78, 140
10516, 78, 140
10517, 78, 140
10518, 78, 140
10519, 78, 140
10520, 78, 140
10521, 78, 140
10522, 78, 140
10523, 78, 140
10524, 78, 140
10525, 78, 140
10526, 78, 140
10527, 78, 140
10528, 78, 140
10529, 78, 140
10530, 78, 140
10531, 78, 140
10532, 78, 140
10533, 78, 140
10534, 78, 140
10535, 78, 140
10536, 78, 140
10537, 78, 140
10538, 78, 140
10539, 78, 140
10540, 78, 140
10541, 78, 140
10542, 78, 140
10543, 78, 140
10544, 78, 140
10545, 78, 140
10546, 78, 140
10547, 78, 140
10548, 78, 140
10549, 78, 140
10550, 78, 140
10551, 78, 140
10552, 78, 140
10553, 78, 140
10554, 78, 140
10555, 78, 140
10556, 78, 140
10557, 78, 140
10558, 78, 140
10559, 78, 140
10560, 78, 140
10561, 78, 140
10562, 78, 140
10563, 78, 140
10564, 78, 140
10565, 78, 140
10566, 78, 140
10567, 78, 140
10568, 78, 140
10569, 78, 140
10570, 78, 140
10571, 78, 140
10572, 78, 140
10573, 78, 140
10574, 78, 140
10575, 78, 140
10576, 78, 140
10577, 78, 140
10578, 78, 140
10579, 78, 140
10580, 78, 140
10581, 78, 140
10582, 78, 140
10583, 78, 140
10584, 78, 140
10585, 78, 140
10586, 78, 140
10587, 78, 140
10588, 78, 140
10589, 78, 140
10590, 78, 140
10591, 78, 140
10592, 78, 140
10593, 78, 140
10594, 78, 140
10595, 78, 140
10596, 78, 140
10597, 78, 140
10598, 78, 140
10599, 78, 140
10600, 78, 140
10601, 78, 140
10602, 78, 140
10603, 78, 140
10604, 78, 140
10605, 78, 140
10606, 78, 140
10607, 78, 140
10608, 78, 140
10609, 78, 140
10610, 78, 140
10611, 78, 140
10612, 78, 140
10613, 78, 140
10614, 78, 140
10615, 78, 140
10616, 78, 140
10617, 78, 140
10618, 78, 140
10619, 78, 140
10620, 78, 140
10621, 78, 140
10622, 78, 140
10623, 78, 140
10624, 78, 140
10625, 78, 140
10626, 78, 140
10627, 78, 140
10628, 78, 140
10629, 78, 140
10630, 78, 140
10631, 78, 140
10632, 78, 140
10633, 78, 140
10634, 78, 140
10635, 78, 140
10636, 78, 140
10637, 78, 140
10638, 78, 140
10639, 78, 140
10640, 78, 140
10641, 78, 140
10642, 78, 140
10643, 78, 140
10644, 78, 140
10645, 78, 140
10646, 78, 140
10647, 78, 140
10648, 78, 140
10649, 78, 140
10650, 78, 140
10651, 78, 140
10652, 78, 140
10653, 78, 140
10654, 78, 140
10655, 78, 140
10656, 78, 140
10657, 78, 140
10658, 78, 140
10659, 78, 140
10660, 78, 140
10661, 78, 140
10662, 78, 140
10663, 78, 140
10664, 78, 140
10665, 78, 140
10666, 78, 140
10667, 78, 140
10668, 78, 140
10669, 78, 140
10670, 78, 140
10671, 78, 140
10672, 78, 140
10673, 78, 140
10674, 78, 140
10675, 78, 140
10676, 78, 140
10677, 78, 140
10678, 78, 140
10679, 78, 140
10680, 78, 140
10681, 78, 140
10682, 78, 140
10683, 78, 140
10684, 78, 140
10685, 78, 140
10686, 78, 140
10687, 78, 140
10688, 78, 140
10689, 78, 140
10690, 78, 140
10691, 78, 140
10692, 78, 140
10693, 78, 140
10694, 78, 140
10695, 78, 140
10696, 78, 140
10697, 78, 140
10698, 78, 140
10699, 78, 140
10700, 78, 140
10701, 78, 140
10702, 78, 140
10703, 78, 140
10704, 78, 140
10705, 78, 140
10706, 78, 140
10707, 78, 140
10708, 78, 140
10709, 78, 140
10710, 78, 140
10711, 78, 140
10712, 78, 140
10713, 78, 140
10714, 78, 140
10715, 78, 140
10716, 78, 140
10717, 78, 140
10718, 78, 140
10719, 78, 140
10720, 78, 140
10721, 78, 140
10722, 78, 140
10723, 78, 140
10724, 78, 140
10725, 78, 140
10726, 78, 140
10727, 78, 140
10728, 78, 140
10729, 78, 140
10730, 78, 140
10731, 78, 140
10732, 78, 140
10733, 78, 140
10734, 78, 140
10735, 78, 140
10736, 78, 140
10737, 78, 140
10738, 78, 140
10739, 78, 140
10740, 78, 140
10741, 78, 140
10742, 78, 140
10743, 78, 140
10744, 78, 140
10745, 78, 140
10746, 78, 140
10747, 78, 140
10748, 78, 140
10749, 78, 140
10750, 78, 140
10751, 78, 140
10752, 78, 140
10753, 78, 140
10754, 78, 140
10755, 78, 140
10756, 78, 140
10757, 78, 140
10758, 78, 140
10759, 78, 140
10760, 78, 140
10761, 78, 140
10762, 78, 140
10763, 78, 140
10764, 78, 140
10765, 78, 140
10766, 78, 140
10767, 78, 140
10768, 78, 140
10769, 78, 140
10770, 78, 140
10771, 78, 140
10772, 78, 140
10773, 78, 140
10774, 78, 140
10775, 78, 140
10776, 78, 140
10777, 78, 140
10778, 78, 140
10779, 78, 140
10780, 78, 140
10781, 78, 140
10782, 78, 140
10783, 78, 140
10784, 78, 140
10785, 78, 140
10786, 78, 140
10787, 78, 140
10788, 78, 140
10789, 78, 140
10790, 78, 140
10791, 78, 140
10792, 78, 140
10793, 78, 140
10794, 78, 140
10795, 78, 140
10796, 78, 140
10797, 78, 140
10798, 78, 140
10799, 78, 140
10800, 78, 140
10801, 78, 140
10802, 78, 140
10803, 78, 140
10804, 78, 140
10805, 78, 140
10806, 78, 140
10807, 78, 140
10808, 78, 140
10809, 78, 140
10810, 78, 140
10811, 78, 140
10812, 78, 140
10813, 78, 140
10814, 78, 140
10815, 78, 140
10816, 78, 140
10817, 78, 140
10818, 78, 140
10819, 78, 140
10820, 78, 140
10821, 78, 140
10822, 78, 140
10823, 78, 140
10824, 78, 140
10825, 78, 140
10826, 78, 140
10827, 78, 140
10828, 78, 140
10829, 78, 140
10830, 78, 140
10831, 78, 140
10832, 78, 140
10833, 78, 140
10834, 78, 140
10835, 78, 140
10836, 78, 140
10837, 78, 140
10838, 78, 140
10839, 78, 140
10840, 78, 140
10841, 78, 140
10842, 78, 140
10843, 78, 140
10844, 78, 140
10845, 78, 140
10846, 78, 140
10847, 78, 140
10848, 78, 140
10849, 78, 140
10850, 78, 140
10851, 78, 140
10852, 78, 140
10853, 78, 140
10854, 78, 140
10855, 78, 140
10856, 78, 140
10857, 78, 140
10858, 78, 140
10859, 78, 140
10860, 78, 140
10861, 78, 140
10862, 78, 140
10863, 78, 140
10864, 78, 140
10865, 78, 140
10866, 78, 140
10867, 78, 140
10868, 78, 140
10869, 78, 140
10870, 78, 140
10871, 78, 140
10872, 78, 140
10873, 78, 140
10874, 78, 140
10875, 78, 140
10876, 78, 140
10877, 78, 140
10878, 78, 140
10879, 78, 140
10880, 78, 140
10881, 78, 140
10882, 78, 140
10883, 78, 140
10884, 78, 140
10885, 78, 140
10886, 78, 140
10887, 78, 140
10888, 78, 140
10889, 78, 140
10890, 78, 140
10891, 78, 140
10892, 78, 140
10893, 78, 140
10894, 78, 140
10895, 78, 140
10896, 78, 140
10897, 78, 140
10898, 78, 140
10899, 78, 140
10900, 78, 140
10901, 78, 140
10902, 78, 140
10903, 78, 140
10904, 78, 140
10905, 78, 140
10906, 78, 140
10907, 78, 140
10908, 78, 140
10909, 78, 140
10910, 78, 140
10911, 78, 140
10912, 78, 140
10913, 78, 140
10914, 78, 140
10915, 78, 140
10916, 78, 140
10917, 78, 140
10918, 78, 140
10919, 78, 140
10920, 78, 140
10921, 78, 140
10922, 78, 140
10923, 78, 140
10924, 78, 140
10925, 78, 140
10926, 78, 140
10927, 78, 140
10928, 78, 140
10929, 78, 140
10930, 78, 140
10931, 78, 140
10932, 78, 140
10933, 78, 140
10934, 78, 140
10935, 78, 140
10936, 78, 140
10937, 78, 140
10938, 78, 140
10939, 78, 140
10940, 78, 140
10941, 78, 140
10942, 78, 140
10943, 78, 140
10944, 78, 140
10945, 78, 140
10946, 78, 140
10947, 78, 140
10948, 78, 140
10949, 78, 140
10950, 78, 140
10951, 78, 140
10952, 78, 140
10953, 78, 140
10954, 78, 140
10955, 78, 140
10956, 78, 140
10957, 78, 140
10958, 78, 140
10959, 78, 140
10960, 78, 140
10961, 78, 140
10962, 78, 140
10963, 78, 140
10964, 78, 140
10965, 78, 140
10966, 78, 140
10967, 78, 140
10968, 78, 140
10969, 78, 140
10970, 78, 140
10971, 78, 140
10972, 78, 140
10973, 78, 140
10974, 78, 140
10975, 78, 140
10976, 78, 140
10977, 78, 140
10978, 78, 140
10979, 78, 140
10980, 78, 140
10981, 78, 140
10982, 78, 140
10983, 78, 140
10984, 78, 140
10985, 78, 140
10986, 78, 140
10987, 78, 140
10988, 78, 140
10989, 78, 140
10990, 78, 140
10991, 78, 140
10992, 78, 140
10993, 78, 140
10994, 78, 140
10995, 78, 140
10996, 78, 140
10997, 78, 140
10998, 78, 140
10999, 78, 140
11000, 78, 140
11001, 78, 140
11002, 78, 140
11003, 78, 140
11004, 78, 140
11005, 78, 140
11006, 78, 140
11007, 78, 140
11008, 78, 140
11009, 78, 140
11010, 78, 140
11011, 78, 140
11012, 78, 140
11013, 78, 140
11014, 78, 140
11015, 78, 140
11016, 78, 140
11017, 78, 140
11018, 78, 140
11019, 78, 140
11020, 78, 140
11021, 78, 140
11022, 78, 140
11023, 78, 140
11024, 78, 140
11025, 78, 140
11026, 78, 140
11027, 78, 140
11028, 78, 140
11029, 78, 140
11030, 78, 140
11031, 78, 140
11032, 78, 140
11033, 78, 140
11034, 78, 140
11035, 78, 140
11036, 78, 140
11037, 78, 140
11038, 78, 140
11039, 78, 140
11040, 78, 140
11041, 78, 140
11042, 78, 140
11043, 78, 140
11044, 78, 140
11045, 78, 140
11046, 78, 140
11047, 78, 140
11048, 78, 140
11049, 78, 140
11050, 78, 140
11051, 78, 140
11052, 78, 140
11053, 78, 140
11054, 78, 140
11055, 78, 140
11056, 78, 140
11057, 78, 140
11058, 78, 140
11059, 78, 140
11060, 78, 140
11061, 78, 140
11062, 78, 140
11063, 78, 140
11064, 78, 140
11065, 78, 140
11066, 78, 140
11067, 78, 140
11068, 78, 140
11069, 78, 140
11070, 78, 140
11071, 78, 140
11072, 78, 140
11073, 78, 140
11074, 78, 140
11075, 78, 140
11076, 78, 140
11077, 78, 140
11078, 78, 140
11079, 78, 140
11080, 78, 140
11081, 78, 140
11082, 78, 140
11083, 78, 140
11084, 78, 140
11085, 78, 140
11086, 78, 140
11087, 78, 140
11088, 78, 140
11089, 78, 140
11090, 78, 140
11091, 78, 140
11092, 78, 140
11093, 78, 140
11094, 78, 140
11095, 78, 140
11096, 78, 140
11097, 78, 140
11098, 78, 140
11099, 78, 140
11100, 78, 140
11101, 78, 140
11102, 78, 140
11103, 78, 140
11104, 78, 140
11105, 78, 140
11106, 78, 140
11107, 78, 140
11108, 78, 140
11109, 78, 140
11110, 78, 140
11111, 78, 140
11112, 78, 140
11113, 78, 140
11114, 78, 140
11115, 78, 140
11116, 78, 140
11117, 78, 140
11118, 78, 140
11119, 78, 140
11120, 78, 140
11121, 78, 140
11122, 78, 140
11123, 78, 140
11124, 78, 140
11125, 78, 140
11126, 78, 140
11127, 78, 140
11128, 78, 140
11129, 78, 140
11130, 78, 140
11131, 78, 140
11132, 78, 140
11133, 78, 140
11134, 78, 140
11135, 78, 140
11136, 78, 140
11137, 78, 140
11138, 78, 140
11139, 78, 140
11140, 78, 140
11141, 78, 140
11142, 78, 140
11143, 78, 140
11144, 78, 140
11145, 78, 140
11146, 78, 140
11147, 78, 140
11148, 78, 140
11149, 78, 140
11150, 78, 140
11151, 78, 140
11152, 78, 140
11153, 78, 140
11154, 78, 140
11155, 78, 140
11156, 78, 140
11157, 78, 140
11158, 78, 140
11159, 78, 140
11160, 78, 140
11161, 78, 140
11162, 78, 140
11163, 78, 140
11164, 78, 140
11165, 78, 140
11166, 78, 140
11167, 78, 140
11168, 78, 140
11169, 78, 140
11170, 78, 140
11171, 78, 140
11172, 78, 140
11173, 78, 140
11174, 78, 140
11175, 78, 140
11176, 78, 140
11177, 78, 140
11178, 78, 140
11179, 78, 140
11180, 78, 140
11181, 78, 140
11182, 78, 140
11183, 78, 140
11184, 78, 140
11185, 78, 140
11186, 78, 140
11187, 78, 140
11188, 78, 140
11189, 78, 140
11190, 78, 140
11191, 78, 140
11192, 78, 140
11193, 78, 140
11194, 78, 140
11195, 78, 140
11196, 78, 140
11197, 78, 140
11198, 78, 140
11199, 78, 140
11200, 78, 140
11201, 78, 140
11202, 78, 140
11203, 78, 140
11204, 78, 140
11205, 78, 140
11206, 78, 140
11207, 78, 140
11208, 78, 140
11209, 78, 140
11210, 78, 140
11211, 78, 140
11212, 78, 140
11213, 78, 140
11214, 78, 140
11215, 78, 140
11216, 78, 140
11217, 78, 140
11218, 78, 140
11219, 78, 140
11220, 78, 140
11221, 78, 140
11222, 78, 140
11223, 78, 140
11224, 78, 140
11225, 78, 140
11226, 78, 140
11227, 78, 140
11228, 78, 140
11229, 78, 140
11230, 78, 140
11231, 78, 140
11232, 78, 140
11233, 78, 140
11234, 78, 140
11235, 78, 140
11236, 78, 140
11237, 78, 140
11238, 78, 140
11239, 78, 140
11240, 78, 140
11241, 78, 140
11242, 78, 140
11243, 78, 140
11244, 78, 140
11245, 78, 140
11246, 78, 140
11247, 78, 140
11248, 78, 140
11249, 78, 140
11250, 78, 140
11251, 78, 140
11252, 78, 140
11253, 78, 140
11254, 78, 140
11255, 78, 140
11256, 78, 140
11257, 78, 140
11258, 78, 140
11259, 78, 140
11260, 78, 140
11261, 78, 140
11262, 78, 140
11263, 78, 140
11264, 78, 140
11265, 78, 140
11266, 78, 140
11267, 78, 140
11268, 78, 140
11269, 78, 140
11270, 78, 140
11271, 78, 140
11272, 78, 140
11273, 78, 140
11274, 78, 140
11275, 78, 140
11276, 78, 140
11277, 78, 140
11278, 78, 140
11279, 78, 140
11280, 78, 140
11281, 78, 140
11282, 78, 140
11283, 78, 140
11284, 78, 140
11285, 78, 140
11286, 78, 140
11287, 78, 140
11288, 78, 140
11289, 78, 140
11290, 78, 140
11291, 78, 140
11292, 78, 140
11293, 78, 140
11294, 78, 140
11295, 78, 140
11296, 78, 140
11297, 78, 140
11298, 78, 140
11299, 78, 140
11300, 78, 140
11301, 78, 140
11302, 78, 140
11303, 78, 140
11304, 78, 140
11305, 78, 140
11306, 78, 140
11307, 78, 140
11308, 78, 140
11309, 78, 140
11310, 78, 140
11311, 78, 140
11312, 78, 140
11313, 78, 140
11314, 78, 140
11315, 78, 140
11316, 78, 140
11317, 78, 140
11318, 78, 140
11319, 78, 140
11320, 78, 140
11321, 78, 140
11322, 78, 140
11323, 78, 140
11324, 78, 140
11325, 78, 140
11326, 78, 140
11327, 78, 140
11328, 78, 140
11329, 78, 140
11330, 78, 140
11331, 78, 140
11332, 78, 140
11333, 78, 140
11334, 78, 140
11335, 78, 140
11336, 78, 140
11337, 78, 140
11338, 78, 140
11339, 78, 140
11340, 78, 140
11341, 78, 140
11342, 78, 140
11343, 78, 140
11344, 78, 140
11345, 78, 140
11346, 78, 140
11347, 78, 140
11348, 78, 140
11349, 78, 140
11350, 78, 140
11351, 78, 140
11352, 78, 140
11353, 78, 140
11354, 78, 140
11355, 78, 140
11356, 78, 140
11357, 78, 140
11358, 78, 140
11359, 78, 140
11360, 78, 140
11361, 78, 140
11362, 78, 140
11363, 78, 140
11364, 78, 140
11365, 78, 140
11366, 78, 140
11367, 78, 140
11368, 78, 140
11369, 78, 140
11370, 78, 140
11371, 78, 140
11372, 78, 140
11373, 78, 140
11374, 78, 140
11375, 78, 140
11376, 78, 140
11377, 78, 140
11378, 78, 140
11379, 78, 140
11380, 78, 140
11381, 78, 140
11382, 78, 140
11383, 78, 140
11384, 78, 140
11385, 78, 140
11386, 78, 140
11387, 78, 140
11388, 78, 140
11389, 78, 140
11390, 78, 140
11391, 78, 140
11392, 78, 140
11393, 78, 140
11394, 78, 140
11395, 78, 140
11396, 78, 140
11397, 78, 140
11398, 78, 140
11399, 78, 140
11400, 78, 140
11401, 78, 140
11402, 78, 140
11403, 78, 140
11404, 78, 140
11405, 78, 140
11406, 78, 140
11407, 78, 140
11408, 78, 140
11409, 78, 140
11410, 78, 140
11411, 78, 140
11412, 78, 140
11413, 78, 140
11414, 78, 140
11415, 78, 140
11416, 78, 140
11417, 78, 140
11418, 78, 140
11419, 78, 140
11420, 78, 140
11421, 78, 140
11422, 78, 140
11423, 78, 140
11424, 78, 140
11425, 78, 140
11426, 78, 140
11427, 78, 140
11428, 78, 140
11429, 78, 140
11430, 78, 140
11431, 78, 140
11432, 78, 140
11433, 78, 140
11434, 78, 140
11435, 78, 140
11436, 78, 140
11437, 78, 140
11438, 78, 140
11439, 78, 140
11440, 78, 140
11441, 78, 140
11442, 78, 140
11443, 78, 140
11444, 78, 140
11445, 78, 140
11446, 78, 140
11447, 78, 140
11448, 78, 140
11449, 78, 140
11450, 78, 140
11451, 78, 140
11452, 78, 140
11453, 78, 140
11454, 78, 140
11455, 78, 140
11456, 78, 140
11457, 78, 140
11458, 78, 140
11459, 78, 140
11460, 78, 140
11461, 78, 140
11462, 78, 140
11463, 78, 140
11464, 78, 140
11465, 78, 140
11466, 78, 140
11467, 78, 140
11468, 78, 140
11469, 78, 140
11470, 78, 140
11471, 78, 140
11472, 78, 140
11473, 78, 140
11474, 78, 140
11475, 78, 140
11476, 78, 140
11477, 78, 140
11478, 78, 140
11479, 78, 140
11480, 78, 140
11481, 78, 140
11482, 78, 140
11483, 78, 140
11484, 78, 140
11485, 78, 140
11486, 78, 140
11487, 78, 140
11488, 78, 140
11489, 78, 140
11490, 78, 140
11491, 78, 140
11492, 78, 140
11493, 78, 140
11494, 78, 140
11495, 78, 140
11496, 78, 140
11497, 78, 140
11498, 78, 140
11499, 78, 140
11500, 78, 140
11501, 78, 140
11502, 78, 140
11503, 78, 140
11504, 78, 140
11505, 78, 140
11506, 78, 140
11507, 78, 140
11508, 78, 140
11509, 78, 140
11510, 78, 140
11511, 78, 140
11512, 78, 140
11513, 78, 140
11514, 78, 140
11515, 78, 140
11516, 78, 140
11517, 78, 140
11518, 78, 140
11519, 78, 140
11520, 78, 140
11521, 78, 140
11522, 78, 140
11523, 78, 140
11524, 78, 140
11525, 78, 140
11526, 78, 140
11527, 78, 140
11528, 78, 140
11529, 78, 140
11530, 78, 140
11531, 78, 140
11532, 78, 140
11533, 78, 140
11534, 78, 140
11535, 78, 140
11536, 78, 140
11537, 78, 140
11538, 78, 140
11539, 78, 140
11540, 78, 140
11541, 78, 140
11542, 78, 140
11543, 78, 140
11544, 78, 140
11545, 78, 140
11546, 78, 140
11547, 78, 140
11548, 78, 140
11549, 78, 140
11550, 78, 140
11551, 78, 140
11552, 78, 140
11553, 78, 140
11554, 78, 140
11555, 78, 140
11556, 78, 140
11557, 78, 140
11558, 78, 140
11559, 78, 140
11560, 78, 140
11561, 78, 140
11562, 78, 140
11563, 78, 140
11564, 78, 140
11565, 78, 140
11566, 78, 140
11567, 78, 140
11568, 78, 140
11569, 78, 140
11570, 78, 140
11571, 78, 140
11572, 78, 140
11573, 78, 140
11574, 78, 140
11575, 78, 140
11576, 78, 140
11577, 78, 140
11578, 78, 140
11579, 78, 140
11580, 78, 140
11581, 78, 140
11582, 78, 140
11583, 78, 140
11584, 78, 140
11585, 78, 140
11586, 78, 140
11587, 78, 140
11588, 78, 140
11589, 78, 140
11590, 78, 140
11591, 78, 140
11592, 78, 140
11593, 78, 140
11594, 78, 140
11595, 78, 140
11596, 78, 140
11597, 78, 140
11598, 78, 140
11599, 78, 140
11600, 78, 140
11601, 78, 140
11602, 78, 140
11603, 78, 140
11604, 78, 140
11605, 78, 140
11606, 78, 140
11607, 78, 140
11608, 78, 140
11609, 78, 140
11610, 78, 140
11611, 78, 140
11612, 78, 140
11613, 78, 140
11614, 78, 140
11615, 78, 140
11616, 78, 140
11617, 78, 140
11618, 78, 140
11619, 78, 140
11620, 78, 140
11621, 78, 140
11622, 78, 140
11623, 78, 140
11624, 78, 140
11625, 78, 140
11626, 78, 140
11627, 78, 140
11628, 78, 140
11629, 78, 140
11630, 78, 140
11631, 78, 140
11632, 78, 140
11633, 78, 140
11634, 78, 140
11635, 78, 140
11636, 78, 140
11637, 78, 140
11638, 78, 140
11639, 78, 140
11640, 78, 140
11641, 78, 140
11642, 78, 140
11643, 78, 140
11644, 78, 140
11645, 78, 140
11646, 78, 140
11647, 78, 140
11648, 78, 140
11649, 78, 140
11650, 78, 140
11651, 78, 140
11652, 78, 140
11653, 78, 140
11654, 78, 140
11655, 78, 140
11656, 78, 140
11657, 78, 140
11658, 78, 140
11659, 78, 140
11660, 78, 140
11661, 78, 140
11662, 78, 140
11663, 78, 140
11664, 78, 140
11665, 78, 140
11666, 78, 140
11667, 78, 140
11668, 78, 140
11669, 78, 140
11670, 78, 140
11671, 78, 140
11672, 78, 140
11673, 78, 140
11674, 78, 140
11675, 78, 140
11676, 78, 140
11677, 78, 140
11678, 78, 140
11679, 78, 140
11680, 78, 140
11681, 78, 140
11682, 78, 140
11683, 78, 140
11684, 78, 140
11685, 78, 140
11686, 78, 140
11687, 78, 140
11688, 78, 140
11689, 78, 140
11690, 78, 140
11691, 78, 140
11692, 78, 140
11693, 78, 140
11694, 78, 140
11695, 78, 140
11696, 78, 140
11697, 78, 140
11698, 78, 140
11699, 78, 140
11700, 78, 140
11701, 78, 140
11702, 78, 140
11703, 78, 140
11704, 78, 140
11705, 78, 140
11706, 78, 140
11707, 78, 140
11708, 78, 140
11709, 78, 140
11710, 78, 140
11711, 78, 140
11712, 78, 140
11713, 78, 140
11714, 78, 140
11715, 78, 140
11716, 78, 140
11717, 78, 140
11718, 78, 140
11719, 78, 140
11720, 78, 140
11721, 78, 140
11722, 78, 140
11723, 78, 140
11724, 78, 140
11725, 78, 140
11726, 78, 140
11727, 78, 140
11728, 78, 140
11729, 78, 140
11730, 78, 140
11731, 78, 140
11732, 78, 140
11733, 78, 140
11734, 78, 140
11735, 78, 140
11736, 78, 140
11737, 78, 140
11738, 78, 140
11739, 78, 140
11740, 78, 140
11741, 78, 140
11742, 78, 140
11743, 78, 140
11744, 78, 140
11745, 78, 140
11746, 78, 140
11747, 78, 140
11748, 78, 140
11749, 78, 140
11750, 78, 140
11751, 78, 140
11752, 78, 140
11753, 78, 140
11754, 78, 140
11755, 78, 140
11756, 78, 140
11757, 78, 140
11758, 78, 140
11759, 78, 140
11760, 78, 140
11761, 78, 140
11762, 78, 140
11763, 78, 140
11764, 78, 140
11765, 78, 140
11766, 78, 140
11767, 78, 140
11768, 78, 140
11769, 78, 140
11770, 78, 140
11771, 78, 140
11772, 78, 140
11773, 78, 140
11774, 78, 140
11775, 78, 140
11776, 78, 140
11777, 78, 140
11778, 78, 140
11779, 78, 140
11780, 78, 140
11781, 78, 140
11782, 78, 140
11783, 78, 140
11784, 78, 140
11785, 78, 140
11786, 78, 140
11787, 78, 140
11788, 78, 140
11789, 78, 140
11790, 78, 140
11791, 78, 140
11792, 78, 140
11793, 78, 140
11794, 78, 140
11795, 78, 140
11796, 78, 140
11797, 78, 140
11798, 78, 140
11799, 78, 140
11800, 78, 140
11801, 78, 140
11802, 78, 140
11803, 78, 140
11804, 78, 140
11805, 78, 140
11806, 78, 140
11807, 78, 140
11808, 78, 140
11809, 78, 140
11810, 78, 140
11811, 78, 140
11812, 78, 140
11813, 78, 140
11814, 78, 140
11815, 78, 140
11816, 78, 140
11817, 78, 140
11818, 78, 140
11819, 78, 140
11820, 78, 140
11821, 78, 140
11822, 78, 140
11823, 78, 140
11824, 78, 140
11825, 78, 140
11826, 78, 140
11827, 78, 140
11828, 78, 140
11829, 78, 140
11830, 78, 140
11831, 78, 140
11832, 78, 140
11833, 78, 140
11834, 78, 140
11835, 78, 140
11836, 78, 140
11837, 78, 140
11838, 78, 140
11839, 78, 140
11840, 78, 140
11841, 78, 140
11842, 78, 140
11843, 78, 140
11844, 78, 140
11845, 78, 140
11846, 78, 140
11847, 78, 140
11848, 78, 140
11849, 78, 140
11850, 78, 140
11851, 78, 140
11852, 78, 140
11853, 78, 140
11854, 78, 140
11855, 78, 140
11856, 78, 140
11857, 78, 140
11858, 78, 140
11859, 78, 140
11860, 78, 140
11861, 78, 140
11862, 78, 140
11863, 78, 140
11864, 78, 140
11865, 78, 140
11866, 78, 140
11867, 78, 140
11868, 78, 140
11869, 78, 140
11870, 78, 140
11871, 78, 140
11872, 78, 140
11873, 78, 140
11874, 78, 140
11875, 78, 140
11876, 78, 140
11877, 78, 140
11878, 78, 140
11879, 78, 140
11880, 78, 140
11881, 78, 140
11882, 78, 140
11883, 78, 140
11884, 78, 140
11885, 78, 140
11886, 78, 140
11887, 78, 140
11888, 78, 140
11889, 78, 140
11890, 78, 140
11891, 78, 140
11892, 78, 140
11893, 78, 140
11894, 78, 140
11895, 78, 140
11896, 78, 140
11897, 78, 140
11898, 78, 140
11899, 78, 140
11900, 78, 140
11901, 78, 140
11902, 78, 140
11903, 78, 140
11904, 78, 140
11905, 78, 140
11906, 78, 140
11907, 78, 140
11908, 78, 140
11909, 78, 140
11910, 78, 140
11911, 78, 140
11912, 78, 140
11913, 78, 140
11914, 78, 140
11915, 78, 140
11916, 78, 140
11917, 78, 140
11918, 78, 140
11919, 78, 140
11920, 78, 140
11921, 78, 140
11922, 78, 140
11923, 78, 140
11924, 78, 140
11925, 78, 140
11926, 78, 140
11927, 78, 140
11928, 78, 140
11929, 78, 140
11930, 78, 140
11931, 78, 140
11932, 78, 140
11933, 78, 140
11934, 78, 140
11935, 78, 140
11936, 78, 140
11937, 78, 140
11938, 78, 140
11939, 78, 140
11940, 78, 140
11941, 78, 140
11942, 78, 140
11943, 78, 140
11944, 78, 140
11945, 78, 140
11946, 78, 140
11947, 78, 140
11948, 78, 140
11949, 78, 140
11950, 78, 140
11951, 78, 140
11952, 78, 140
11953, 78, 140
11954, 78, 140
11955, 78, 140
11956, 78, 140
11957, 78, 140
11958, 78, 140
11959, 78, 140
11960, 78, 140
11961, 78, 140
11962, 78, 140
11963, 78, 140
11964, 78, 140
11965, 78, 140
11966, 78, 140
11967, 78, 140
11968, 78, 140
11969, 78, 140
11970, 78, 140
11971, 78, 140
11972, 78, 140
11973, 78, 140
11974, 78, 140
11975, 78, 140
11976, 78, 140
11977, 78, 140
11978, 78, 140
11979, 78, 140
11980, 78, 140
11981, 78, 140
11982, 78, 140
11983, 78, 140
11984, 78, 140
11985, 78, 140
11986, 78, 140
11987, 78, 140
11988, 78, 140
11989, 78, 140
11990, 78, 140
11991, 78, 140
11992, 78, 140
11993, 78, 140
11994, 78, 140
11995, 78, 140
11996, 78, 140
11997, 78, 140
11998, 78, 140
11999, 78, 140
12000, 78, 140
12001, 78, 140
12002, 78, 140
12003, 78, 140
12004, 78, 140
12005, 78, 140
12006, 78, 140
12007, 78, 140
12008, 78, 140
12009, 78, 140
12010, 78, 140
12011, 78, 140
12012, 78, 140
12013, 78, 140
12014, 78, 140
12015, 78, 140
12016, 78, 140
12017, 78, 140
12018, 78, 140
12019, 78, 140
12020, 78, 140
12021, 78, 140
12022, 78, 140
12023, 78, 140
12024, 78, 140
12025, 78, 140
12026, 78, 140
12027, 78, 140
12028, 78, 140
12029, 78, 140
12030, 78, 140
12031, 78, 140
12032, 78, 140
12033, 78, 140
12034, 78, 140
12035, 78, 140
12036, 78, 140
12037, 78, 140
12038, 78, 140
12039, 78, 140
12040, 78, 140
12041, 78, 140
12042, 78, 140
12043, 78, 140
12044, 78, 140
12045, 78, 140
12046, 78, 140
12047, 78, 140
12048, 78, 140
12049, 78, 140
12050, 78, 140
12051, 78, 140
12052, 78, 140
12053, 78, 140
12054, 78, 140
12055, 78, 140
12056, 78, 140
12057, 78, 140
12058, 78, 140
12059, 78, 140
12060, 78, 140
12061, 78, 140
12062, 78, 140
12063, 78, 140
12064, 78, 140
12065, 78, 140
12066, 78, 140
12067, 78, 140
12068, 78, 140
12069, 78, 140
12070, 78, 140
12071, 78, 140
12072, 78, 140
12073, 78, 140
12074, 78, 140
12075, 78, 140
12076, 78, 140
12077, 78, 140
12078, 78, 140
12079, 78, 140
12080, 78, 140
12081, 78, 140
12082, 78, 140
12083, 78, 140
12084, 78, 140
12085, 78, 140
12086, 78, 140
12087, 78, 140
12088, 78, 140
12089, 78, 140
12090, 78, 140
12091, 78, 140
12092, 78, 140
12093, 78, 140
12094, 78, 140
12095, 78, 140
12096, 78, 140
12097, 78, 140
12098, 78, 140
12099, 78, 140
12100, 78, 140
12101, 78, 140
12102, 78, 140
12103, 78, 140
12104, 78, 140
12105, 78, 140
12106, 78, 140
12107, 78, 140
12108, 78, 140
12109, 78, 140
12110, 78, 140
12111, 78, 140
12112, 78, 140
12113, 78, 140
12114, 78, 140
12115, 78, 140
12116, 78, 140
12117, 78, 140
12118, 78, 140
12119, 78, 140
12120, 78, 140
12121, 78, 140
12122, 78, 140
12123, 78, 140
12124, 78, 140
12125, 78, 140
12126, 78, 140
12127, 78, 140
12128, 78, 140
12129, 78, 140
12130, 78, 140
12131, 78, 140
12132, 78, 140
12133, 78, 140
12134, 78, 140
12135, 78, 140
12136, 78, 140
12137, 78, 140
12138, 78, 140
12139, 78, 140
12140, 78, 140
12141, 78, 140
12142, 78, 140
12143, 78, 140
12144, 78, 140
12145, 78, 140
12146, 78, 140
12147, 78, 140
12148, 78, 140
12149, 78, 140
12150, 78, 140
12151, 78, 140
12152, 78, 140
12153, 78, 140
12154, 78, 140
12155, 78, 140
12156, 78, 140
12157, 78, 140
12158, 78, 140
12159, 78, 140
12160, 78, 140
12161, 78, 140
12162, 78, 140
12163, 78, 140
12164, 78, 140
12165, 78, 140
12166, 78, 140
12167, 78, 140
12168, 78, 140
12169, 78, 140
12170, 78, 140
12171, 78, 140
12172, 78, 140
12173, 78, 140
12174, 78, 140
12175, 78, 140
12176, 78, 140
12177, 78, 140
12178, 78, 140
12179, 78, 140
12180, 78, 140
12181, 78, 140
12182, 78, 140
12183, 78, 140
12184, 78, 140
12185, 78, 140
12186, 78, 140
12187, 78, 140
12188, 78, 140
12189, 78, 140
12190, 78, 140
12191, 78, 140
12192, 78, 140
12193, 78, 140
12194, 78, 140
12195, 78, 140
12196, 78, 140
12197, 78, 140
12198, 78, 140
12199, 78, 140
12200, 78, 140
12201, 78, 140
12202, 78, 140
12203, 78, 140
12204, 78, 140
12205, 78, 140
12206, 78, 140
12207, 78, 140
12208, 78, 140
12209, 78, 140
12210, 78, 140
12211, 78, 140
12212, 78, 140
12213, 78, 140
12214, 78, 140
12215, 78, 140
12216, 78, 140
12217, 78, 140
12218, 78, 140
12219, 78, 140
12220, 78, 140
12221, 78, 140
12222, 78, 140
12223, 78, 140
12224, 78, 140
12225, 78, 140
12226, 78, 140
12227, 78, 140
12228, 78, 140
12229, 78, 140
12230, 78, 140
12231, 78, 140
12232, 78, 140
12233, 78, 140
12234, 78, 140
12235, 78, 140
12236, 78, 140
12237, 78, 140
12238, 78, 140
12239, 78, 140
12240, 78, 140
12241, 78, 140
12242, 78, 140
12243, 78, 140
12244, 78, 140
12245, 78, 140
12246, 78, 140
12247, 78, 140
12248, 78, 140
12249, 78, 140
12250, 78, 140
12251, 78, 140
12252, 78, 140
12253, 78, 140
12254, 78, 140
12255, 78, 140
12256, 78, 140
12257, 78, 140
12258, 78, 140
12259, 78, 140
12260, 78, 140
12261, 78, 140
12262, 78, 140
12263, 78, 140
12264, 78, 140
12265, 78, 140
12266, 78, 140
12267, 78, 140
12268, 78, 140
12269, 78, 140
12270, 78, 140
12271, 78, 140
12272, 78, 140
12273, 78, 140
12274, 78, 140
12275, 78, 140
12276, 78, 140
12277, 78, 140
12278, 78, 140
12279, 78, 140
12280, 78, 140
12281, 78, 140
12282, 78, 140
12283, 78, 140
12284, 78, 140
12285, 78, 140
12286, 78, 140
12287, 78, 140
12288, 78, 140
12289, 78, 140
12290, 78, 140
12291, 78, 140
12292, 78, 140
12293, 78, 140
12294, 78, 140
12295, 78, 140
12296, 78, 140
12297, 78, 140
12298, 78, 140
12299, 78, 140
12300, 78, 140
12301, 78, 140
12302, 78, 140
12303, 78, 140
12304, 78, 140
12305, 78, 140
12306, 78, 140
12307, 78, 140
12308, 78, 140
12309, 78, 140
12310, 78, 140
12311, 78, 140
12312, 78, 140
12313, 78, 140
12314, 78, 140
12315, 78, 140
12316, 78, 140
12317, 78, 140
12318, 78, 140
12319, 78, 140
12320, 78, 140
12321, 78, 140
12322, 78, 140
12323, 78, 140
12324, 78, 140
12325, 78, 140
12326, 78, 140
12327, 78, 140
12328, 78, 140
12329, 78, 140
12330, 78, 140
12331, 78, 140
12332, 78, 140
12333, 78, 140
12334, 78, 140
12335, 78, 140
12336, 78, 140
12337, 78, 140
12338, 78, 140
12339, 78, 140
12340, 78, 140
12341, 78, 140
12342, 78, 140
12343, 78, 140
12344, 78, 140
12345, 78, 140
12346, 78, 140
12347, 78, 140
12348, 78, 140
12349, 78, 140
12350, 78, 140
12351, 78, 140
12352, 78, 140
12353, 78, 140
12354, 78, 140
12355, 78, 140
12356, 78, 140
12357, 78, 140
12358, 78, 140
12359, 78, 140
12360, 78, 140
12361, 78, 140
12362, 78, 140
12363, 78, 140
12364, 78, 140
12365, 78, 140
12366, 78, 140
12367, 78, 140
12368, 78, 140
12369, 78, 140
12370, 78, 140
12371, 78, 140
12372, 78, 140
12373, 78, 140
12374, 78, 140
12375, 78, 140
12376, 78, 140
12377, 78, 140
12378, 78, 140
12379, 78, 140
12380, 78, 140
12381, 78, 140
12382, 78, 140
12383, 78, 140
12384, 78, 140
12385, 78, 140
12386, 78, 140
12387, 78, 140
12388, 78, 140
12389, 78, 140
12390, 78, 140
12391, 78, 140
12392, 78, 140
12393, 78, 140
12394, 78, 140
12395, 78, 140
12396, 78, 140
12397, 78, 140
12398, 78, 140
12399, 78, 140
12400, 78, 140
12401, 78, 140
12402, 78, 140
12403, 78, 140
12404, 78, 140
12405, 78, 140
12406, 78, 140
12407, 78, 140
12408, 78, 140
12409, 78, 140
12410, 78, 140
12411, 78, 140
12412, 78, 140
12413, 78, 140
12414, 78, 140
12415, 78, 140
12416, 78, 140
12417, 78, 140
12418, 78, 140
12419, 78, 140
12420, 78, 140
12421, 78, 140
12422, 78, 140
12423, 78, 140
12424, 78, 140
12425, 78, 140
12426, 78, 140
12427, 78, 140
12428, 78, 140
12429, 78, 140
12430, 78, 140
12431, 78, 140
12432, 78, 140
12433, 78, 140
12434, 78, 140
12435, 78, 140
12436, 78, 140
12437, 78, 140
12438, 78, 140
12439, 78, 140
12440, 78, 140
12441, 78, 140
12442, 78, 140
12443, 78, 140
12444, 78, 140
12445, 78, 140
12446, 78, 140
12447, 78, 140
12448, 78, 140
12449, 78, 140
12450, 78, 140
12451, 78, 140
12452, 78, 140
12453, 78, 140
12454, 78, 140
12455, 78, 140
12456, 78, 140
12457, 78, 140
12458, 78, 140
12459, 78, 140
12460, 78, 140
12461, 78, 140
12462, 78, 140
12463, 78, 140
12464, 78, 140
12465, 78, 140
12466, 78, 140
12467, 78, 140
12468, 78, 140
12469, 78, 140
12470, 78, 140
12471, 78, 140
12472, 78, 140
12473, 78, 140
12474, 78, 140
12475, 78, 140
12476, 78, 140
12477, 78, 140
12478, 78, 140
12479, 78, 140
12480, 78, 140
12481, 78, 140
12482, 78, 140
12483, 78, 140
12484, 78, 140
12485, 78, 140
12486, 78, 140
12487, 78, 140
12488, 78, 140
12489, 78, 140
12490, 78, 140
12491, 78, 140
12492, 78, 140
12493, 78, 140
12494, 78, 140
12495, 78, 140
12496, 78, 140
12497, 78, 140
12498, 78, 140
12499, 78, 140
12500, 78, 140
12501, 78, 140
12502, 78, 140
12503, 78, 140
12504, 78, 140
12505, 78, 140
12506, 78, 140
12507, 78, 140
12508, 78, 140
12509, 78, 140
12510, 78, 140
12511, 78, 140
12512, 78, 140
12513, 78, 140
12514, 78, 140
12515, 78, 140
12516, 78, 140
12517, 78, 140
12518, 78, 140
12519, 78, 140
12520, 78, 140
12521, 78, 140
12522, 78, 140
12523, 78, 140
12524, 78, 140
12525, 78, 140
12526, 78, 140
12527, 78, 140
12528, 78, 140
12529, 78, 140
12530, 78, 140
12531, 78, 140
12532, 78, 140
12533, 78, 140
12534, 78, 140
12535, 78, 140
12536, 78, 140
12537, 78, 140
12538, 78, 140
12539, 78, 140
12540, 78, 140
12541, 78, 140
12542, 78, 140
12543, 78, 140
12544, 78, 140
12545, 78, 140
12546, 78, 140
12547, 78, 140
12548, 78, 140
12549, 78, 140
12550, 78, 140
12551, 78, 140
12552, 78, 140
12553, 78, 140
12554, 78, 140
12555, 78, 140
12556, 78, 140
12557, 78, 140
12558, 78, 140
12559, 78, 140
12560, 78, 140
12561, 78, 140
12562, 78, 140
12563, 78, 140
12564, 78, 140
12565, 78, 140
12566, 78, 140
12567, 78, 140
12568, 78, 140
12569, 78, 140
12570, 78, 140
12571, 78, 140
12572, 78, 140
12573, 78, 140
12574, 78, 140
12575, 78, 140
12576, 78, 140
12577, 78, 140
12578, 78, 140
12579, 78, 140
12580, 78, 140
12581, 78, 140
12582, 78, 140
12583, 78, 140
12584, 78, 140
12585, 78, 140
12586, 78, 140
12587, 78, 140
12588, 78, 140
12589, 78, 140
12590, 78, 140
12591, 78, 140
12592, 78, 140
12593, 78, 140
12594, 78, 140
12595, 78, 140
12596, 78, 140
12597, 78, 140
12598, 78, 140
12599, 78, 140
12600, 78, 140
12601, 78, 140
12602, 78, 140
12603, 78, 140
12604, 78, 140
12605, 78, 140
12606, 78, 140
12607, 78, 140
12608, 78, 140
12609, 78, 140
12610, 78, 140
12611, 78, 140
12612, 78, 140
12613, 78, 140
12614, 78, 140
12615, 78, 140
12616, 78, 140
12617, 78, 140
12618, 78, 140
12619, 78, 140
12620, 78, 140
12621, 78, 140
12622, 78, 140
12623, 78, 140
12624, 78, 140
12625, 78, 140
12626, 78, 140
12627, 78, 140
12628, 78, 140
12629, 78, 140
12630, 78, 140
12631, 78, 140
12632, 78, 140
12633, 78, 140
12634, 78, 140
12635, 78, 140
12636, 78, 140
12637, 78, 140
12638, 78, 140
12639, 78, 140
12640, 78, 140
12641, 78, 140
12642, 78, 140
12643, 78, 140
12644, 78, 140
12645, 78, 140
12646, 78, 140
12647, 78, 140
12648, 78, 140
12649, 78, 140
12650, 78, 140
12651, 78, 140
12652, 78, 140
12653, 78, 140
12654, 78, 140
12655, 78, 140
12656, 78, 140
12657, 78, 140
12658, 78, 140
12659, 78, 140
12660, 78, 140
12661, 78, 140
12662, 78, 140
12663, 78, 140
12664, 78, 140
12665, 78, 140
12666, 78, 140
12667, 78, 140
12668, 78, 140
12669, 78, 140
12670, 78, 140
12671, 78, 140
12672, 78, 140
12673, 78, 140
12674, 78, 140
12675, 78, 140
12676, 78, 140
12677, 78, 140
12678, 78, 140
12679, 78, 140
12680, 78, 140
12681, 78, 140
12682, 78, 140
12683, 78, 140
12684, 78, 140
12685, 78, 140
12686, 78, 140
12687, 78, 140
12688, 78, 140
12689, 78, 140
12690, 78, 140
12691, 78, 140
12692, 78, 140
12693, 78, 140
12694, 78, 140
12695, 78, 140
12696, 78, 140
12697, 78, 140
12698, 78, 140
12699, 78, 140
12700, 78, 140
12701, 78, 140
12702, 78, 140
12703, 78, 140
12704, 78, 140
12705, 78, 140
12706, 78, 140
12707, 78, 140
12708, 78, 140
12709, 78, 140
12710, 78, 140
12711, 78, 140
12712, 78, 140
12713, 78, 140
12714, 78, 140
12715, 78, 140
12716, 78, 140
12717, 78, 140
12718, 78, 140
12719, 78, 140
12720, 78, 140
12721, 78, 140
12722, 78, 140
12723, 78, 140
12724, 78, 140
12725, 78, 140
12726, 78, 140
12727, 78, 140
12728, 78, 140
12729, 78, 140
12730, 78, 140
12731, 78, 140
12732, 78, 140
12733, 78, 140
12734, 78, 140
12735, 78, 140
12736, 78, 140
12737, 78, 140
12738, 78, 140
12739, 78, 140
12740, 78, 140
12741, 78, 140
12742, 78, 140
12743, 78, 140
12744, 78, 140
12745, 78, 140
12746, 78, 140
12747, 78, 140
12748, 78, 140
12749, 78, 140
12750, 78, 140
12751, 78, 140
12752, 78, 140
12753, 78, 140
12754, 78, 140
12755, 78, 140
12756, 78, 140
12757, 78, 140
12758, 78, 140
12759, 78, 140
12760, 78, 140
12761, 78, 140
12762, 78, 140
12763, 78, 140
12764, 78, 140
12765, 78, 140
12766, 78, 140
12767, 78, 140
12768, 78, 140
12769, 78, 140
12770, 78, 140
12771, 78, 140
12772, 78, 140
12773, 78, 140
12774, 78, 140
12775, 78, 140
12776, 78, 140
12777, 78, 140
12778, 78, 140
12779, 78, 140
12780, 78, 140
12781, 78, 140
12782, 78, 140
12783, 78, 140
12784, 78, 140
12785, 78, 140
12786, 78, 140
12787, 78, 140
12788, 78, 140
12789, 78, 140
12790, 78, 140
12791, 78, 140
12792, 78, 140
12793, 78, 140
12794, 78, 140
12795, 78, 140
12796, 78, 140
12797, 78, 140
12798, 78, 140
12799, 78, 140
12800, 78, 140
12801, 78, 140
12802, 78, 140
12803, 78, 140
12804, 78, 140
12805, 78, 140
12806, 78, 140
12807, 78, 140
12808, 78, 140
12809, 78, 140
12810, 78, 140
12811, 78, 140
12812, 78, 140
12813, 78, 140
12814, 78, 140
12815, 78, 140
12816, 78, 140
12817, 78, 140
12818, 78, 140
12819, 78, 140
12820, 78, 140
12821, 78, 140
12822, 78, 140
12823, 78, 140
12824, 78, 140
12825, 78, 140
12826, 78, 140
12827, 78, 140
12828, 78, 140
12829, 78, 140
12830, 78, 140
12831, 78, 140
12832, 78, 140
12833, 78, 140
12834, 78, 140
12835, 78, 140
12836, 78, 140
12837, 78, 140
12838, 78, 140
12839, 78, 140
12840, 78, 140
12841, 78, 140
12842, 78, 140
12843, 78, 140
12844, 78, 140
12845, 78, 140
12846, 78, 140
12847, 78, 140
12848, 78, 140
12849, 78, 140
12850, 78, 140
12851, 78, 140
12852, 78, 140
12853, 78, 140
12854, 78, 140
12855, 78, 140
12856, 78, 140
12857, 78, 140
12858, 78, 140
12859, 78, 140
12860, 78, 140
12861, 78, 140
12862, 78, 140
12863, 78, 140
12864, 78, 140
12865, 78, 140
12866, 78, 140
12867, 78, 140
12868, 78, 140
12869, 78, 140
12870, 78, 140
12871, 78, 140
12872, 78, 140
12873, 78, 140
12874, 78, 140
12875, 78, 140
12876, 78, 140
12877, 78, 140
12878, 78, 140
12879, 78, 140
12880, 78, 140
12881, 78, 140
12882, 78, 140
12883, 78, 140
12884, 78, 140
12885, 78, 140
12886, 78, 140
12887, 78, 140
12888, 78, 140
12889, 78, 140
12890, 78, 140
12891, 78, 140
12892, 78, 140
12893, 78, 140
12894, 78, 140
12895, 78, 140
12896, 78, 140
12897, 78, 140
12898, 78, 140
12899, 78, 140
12900, 78, 140
12901, 78, 140
12902, 78, 140
12903, 78, 140
12904, 78, 140
12905, 78, 140
12906, 78, 140
12907, 78, 140
12908, 78, 140
12909, 78, 140
12910, 78, 140
12911, 78, 140
12912, 78, 140
12913, 78, 140
12914, 78, 140
12915, 78, 140
12916, 78, 140
12917, 78, 140
12918, 78, 140
12919, 78, 140
12920, 78, 140
12921, 78, 140
12922, 78, 140
12923, 78, 140
12924, 78, 140
12925, 78, 140
12926, 78, 140
12927, 78, 140
12928, 78, 140
12929, 78, 140
12930, 78, 140
12931, 78, 140
12932, 78, 140
12933, 78, 140
12934, 78, 140
12935, 78, 140
12936, 78, 140
12937, 78, 140
12938, 78, 140
12939, 78, 140
12940, 78, 140
12941, 78, 140
12942, 78, 140
12943, 78, 140
12944, 78, 140
12945, 78, 140
12946, 78, 140
12947, 78, 140
12948, 78, 140
12949, 78, 140
12950, 78, 140
12951, 78, 140
12952, 78, 140
12953, 78, 140
12954, 78, 140
12955, 78, 140
12956, 78, 140
12957, 78, 140
12958, 78, 140
12959, 78, 140
12960, 78, 140
12961, 78, 140
12962, 78, 140
12963, 78, 140
12964, 78, 140
12965, 78, 140
12966, 78, 140
12967, 78, 140
12968, 78, 140
12969, 78, 140
12970, 78, 140
12971, 78, 140
12972, 78, 140
12973, 78, 140
12974, 78, 140
12975, 78, 140
12976, 78, 140
12977, 78, 140
12978, 78, 140
12979, 78, 140
12980, 78, 140
12981, 78, 140
12982, 78, 140
12983, 78, 140
12984, 78, 140
12985, 78, 140
12986, 78, 140
12987, 78, 140
12988, 78, 140
12989, 78, 140
12990, 78, 140
12991, 78, 140
12992, 78, 140
12993, 78, 140
12994, 78, 140
12995, 78, 140
12996, 78, 140
12997, 78, 140
12998, 78, 140
12999, 78, 140
13000, 78, 140
13001, 78, 140
13002, 78, 140
13003, 78, 140
13004, 78, 140
13005, 78, 140
13006, 78, 140
13007, 78, 140
13008, 78, 140
13009, 78, 140
13010, 78, 140
13011, 78, 140
13012, 78, 140
13013, 78, 140
13014, 78, 140
13015, 78, 140
13016, 78, 140
13017, 78, 140
13018, 78, 140
13019, 78, 140
13020, 78, 140
13021, 78, 140
13022, 78, 140
13023, 78, 140
13024, 78, 140
13025, 78, 140
13026, 78, 140
13027, 78, 140
13028, 78, 140
13029, 78, 140
13030, 78, 140
13031, 78, 140
13032, 78, 140
13033, 78, 140
13034, 78, 140
13035, 78, 140
13036, 78, 140
13037, 78, 140
13038, 78, 140
13039, 78, 140
13040, 78, 140
13041, 78, 140
13042, 78, 140
13043, 78, 140
13044, 78, 140
13045, 78, 140
13046, 78, 140
13047, 78, 140
13048, 78, 140
13049, 78, 140
13050, 78, 140
13051, 78, 140
13052, 78, 140
13053, 78, 140
13054, 78, 140
13055, 78, 140
13056, 78, 140
13057, 78, 140
13058, 78, 140
13059, 78, 140
13060, 78, 140
13061, 78, 140
13062, 78, 140
13063, 78, 140
13064, 78, 140
13065, 78, 140
13066, 78, 140
13067, 78, 140
13068, 78, 140
13069, 78, 140
13070, 78, 140
13071, 78, 140
13072, 78, 140
13073, 78, 140
13074, 78, 140
13075, 78, 140
13076, 78, 140
13077, 78, 140
13078, 78, 140
13079, 78, 140
13080, 78, 140
13081, 78, 140
13082, 78, 140
13083, 78, 140
13084, 78, 140
13085, 78, 140
13086, 78, 140
13087, 78, 140
13088, 78, 140
13089, 78, 140
13090, 78, 140
13091, 78, 140
13092, 78, 140
13093, 78, 140
13094, 78, 140
13095, 78, 140
13096, 78, 140
13097, 78, 140
13098, 78, 140
13099, 78, 140
13100, 78, 140
13101, 78, 140
13102, 78, 140
13103, 78, 140
13104, 78, 140
13105, 78, 140
13106, 78, 140
13107, 78, 140
13108, 78, 140
13109, 78, 140
13110, 78, 140
13111, 78, 140
13112, 78, 140
13113, 78, 140
13114, 78, 140
13115, 78, 140
13116, 78, 140
13117, 78, 140
13118, 78, 140
13119, 78, 140
13120, 78, 140
13121, 78, 140
13122, 78, 140
13123, 78, 140
13124, 78, 140
13125, 78, 140
13126, 78, 140
13127, 78, 140
13128, 78, 140
13129, 78, 140
13130, 78, 140
13131, 78, 140
13132, 78, 140
13133, 78, 140
13134, 78, 140
13135, 78, 140
13136, 78, 140
13137, 78, 140
13138, 78, 140
13139, 78, 140
13140, 78, 140
13141, 78, 140
13142, 78, 140
13143, 78, 140
13144, 78, 140
13145, 78, 140
13146, 78, 140
13147, 78, 140
13148, 78, 140
13149, 78, 140
13150, 78, 140
13151, 78, 140
13152, 78, 140
13153, 78, 140
13154, 78, 140
13155, 78, 140
13156, 78, 140
13157, 78, 140
13158, 78, 140
13159, 78, 140
13160, 78, 140
13161, 78, 140
13162, 78, 140
13163, 78, 140
13164, 78, 140
13165, 78, 140
13166, 78, 140
13167, 78, 140
13168, 78, 140
13169, 78, 140
13170, 78, 140
13171, 78, 140
13172, 78, 140
13173, 78, 140
13174, 78, 140
13175, 78, 140
13176, 78, 140
13177, 78, 140
13178, 78, 140
13179, 78, 140
13180, 78, 140
13181, 78, 140
13182, 78, 140
13183, 78, 140
13184, 78, 140
13185, 78, 140
13186, 78, 140
13187, 78, 140
13188, 78, 140
13189, 78, 140
13190, 78, 140
13191, 78, 140
13192, 78, 140
13193, 78, 140
13194, 78, 140
13195, 78, 140
13196, 78, 140
13197, 78, 140
13198, 78, 140
13199, 78, 140
13200, 78, 140
13201, 78, 140
13202, 78, 140
13203, 78, 140
13204, 78, 140
13205, 78, 140
13206, 78, 140
13207, 78, 140
13208, 78, 140
13209, 78, 140
13210, 78, 140
13211, 78, 140
13212, 78, 140
13213, 78, 140
13214, 78, 140
13215, 78, 140
13216, 78, 140
13217, 78, 140
13218, 78, 140
13219, 78, 140
13220, 78, 140
13221, 78, 140
13222, 78, 140
13223, 78, 140
13224, 78, 140
13225, 78, 140
13226, 78, 140
13227, 78, 140
13228, 78, 140
13229, 78, 140
13230, 78, 140
13231, 78, 140
13232, 78, 140
13233, 78, 140
13234, 78, 140
13235, 78, 140
13236, 78, 140
13237, 78, 140
13238, 78, 140
13239, 78, 140
13240, 78, 140
13241, 78, 140
13242, 78, 140
13243, 78, 140
13244, 78, 140
13245, 78, 140
13246, 78, 140
13247, 78, 140
13248, 78, 140
13249, 78, 140
13250, 78, 140
13251, 78, 140
13252, 78, 140
13253, 78, 140
13254, 78, 140
13255, 78, 140
13256, 78, 140
13257, 78, 140
13258, 78, 140
13259, 78, 140
13260, 78, 140
13261, 78, 140
13262, 78, 140
13263, 78, 140
13264, 78, 140
13265, 78, 140
13266, 78, 140
13267, 78, 140
13268, 78, 140
13269, 78, 140
13270, 78, 140
13271, 78, 140
13272, 78, 140
13273, 78, 140
13274, 78, 140
13275, 78, 140
13276, 78, 140
13277, 78, 140
13278, 78, 140
13279, 78, 140
13280, 78, 140
13281, 78, 140
13282, 78, 140
13283, 78, 140
13284, 78, 140
13285, 78, 140
13286, 78, 140
13287, 78, 140
13288, 78, 140
13289, 78, 140
13290, 78, 140
13291, 78, 140
13292, 78, 140
13293, 78, 140
13294, 78, 140
13295, 78, 140
13296, 78, 140
13297, 78, 140
13298, 78, 140
13299, 78, 140
13300, 78, 140
13301, 78, 140
13302, 78, 140
13303, 78, 140
13304, 78, 140
13305, 78, 140
13306, 78, 140
13307, 78, 140
13308, 78, 140
13309, 78, 140
13310, 78, 140
13311, 78, 140
13312, 78, 140
13313, 78, 140
13314, 78, 140
13315, 78, 140
13316, 78, 140
13317, 78, 140
13318, 78, 140
13319, 78, 140
13320, 78, 140
13321, 78, 140
13322, 78, 140
13323, 78, 140
13324, 78, 140
13325, 78, 140
13326, 78, 140
13327, 78, 140
13328, 78, 140
13329, 78, 140
13330, 78, 140
13331, 78, 140
13332, 78, 140
13333, 78, 140
13334, 78, 140
13335, 78, 140
13336, 78, 140
13337, 78, 140
13338, 78, 140
13339, 78, 140
13340, 78, 140
13341, 78, 140
13342, 78, 140
13343, 78, 140
13344, 78, 140
13345, 78, 140
13346, 78, 140
13347, 78, 140
13348, 78, 140
13349, 78, 140
13350, 78, 140
13351, 78, 140
13352, 78, 140
13353, 78, 140
13354, 78, 140
13355, 78, 140
13356, 78, 140
13357, 78, 140
13358, 78, 140
13359, 78, 140
13360, 78, 140
13361, 78, 140
13362, 78, 140
13363, 78, 140
13364, 78, 140
13365, 78, 140
13366, 78, 140
13367, 78, 140
13368, 78, 140
13369, 78, 140
13370, 78, 140
13371, 78, 140
13372, 78, 140
13373, 78, 140
13374, 78, 140
13375, 78, 140
13376, 78, 140
13377, 78, 140
13378, 78, 140
13379, 78, 140
13380, 78, 140
13381, 78, 140
13382, 78, 140
13383, 78, 140
13384, 78, 140
13385, 78, 140
13386, 78, 140
13387, 78, 140
13388, 78, 140
13389, 78, 140
13390, 78, 140
13391, 78, 140
13392, 78, 140
13393, 78, 140
13394, 78, 140
13395, 78, 140
13396, 78, 140
13397, 78, 140
13398, 78, 140
13399, 78, 140
13400, 78, 140
13401, 78, 140
13402, 78, 140
13403, 78, 140
13404, 78, 140
13405, 78, 140
13406, 78, 140
13407, 78, 140
13408, 78, 140
13409, 78, 140
13410, 78, 140
13411, 78, 140
13412, 78, 140
13413, 78, 140
13414, 78, 140
13415, 78, 140
13416, 78, 140
13417, 78, 140
13418, 78, 140
13419, 78, 140
13420, 78, 140
13421, 78, 140
13422, 78, 140
13423, 78, 140
13424, 78, 140
13425, 78, 140
13426, 78, 140
13427, 78, 140
13428, 78, 140
13429, 78, 140
13430, 78, 140
13431, 78, 140
13432, 78, 140
13433, 78, 140
13434, 78, 140
13435, 78, 140
13436, 78, 140
13437, 78, 140
13438, 78, 140
13439, 78, 140
13440, 78, 140
13441, 78, 140
13442, 78, 140
13443, 78, 140
13444, 78, 140
13445, 78, 140
13446, 78, 140
13447, 78, 140
13448, 78, 140
13449, 78, 140
13450, 78, 140
13451, 78, 140
13452, 78, 140
13453, 78, 140
13454, 78, 140
13455, 78, 140
13456, 78, 140
13457, 78, 140
13458, 78, 140
13459, 78, 140
13460, 78, 140
13461, 78, 140
13462, 78, 140
13463, 78, 140
13464, 78, 140
13465, 78, 140
13466, 78, 140
13467, 78, 140
13468, 78, 140
13469, 78, 140
13470, 78, 140
13471, 78, 140
13472, 78, 140
13473, 78, 140
13474, 78, 140
13475, 78, 140
13476, 78, 140
13477, 78, 140
13478, 78, 140
13479, 78, 140
13480, 78, 140
13481, 78, 140
13482, 78, 140
13483, 78, 140
13484, 78, 140
13485, 78, 140
13486, 78, 140
13487, 78, 140
13488, 78, 140
13489, 78, 140
13490, 78, 140
13491, 78, 140
13492, 78, 140
13493, 78, 140
13494, 78, 140
13495, 78, 140
13496, 78, 140
13497, 78, 140
13498, 78, 140
13499, 78, 140
13500, 78, 140
13501, 78, 140
13502, 78, 140
13503, 78, 140
13504, 78, 140
13505, 78, 140
13506, 78, 140
13507, 78, 140
13508, 78, 140
13509, 78, 140
13510, 78, 140
13511, 78, 140
13512, 78, 140
13513, 78, 140
13514, 78, 140
13515, 78, 140
13516, 78, 140
13517, 78, 140
13518, 78, 140
13519, 78, 140
13520, 78, 140
13521, 78, 140
13522, 78, 140
13523, 78, 140
13524, 78, 140
13525, 78, 140
13526, 78, 140
13527, 78, 140
13528, 78, 140
13529, 78, 140
13530, 78, 140
13531, 78, 140
13532, 78, 140
13533, 78, 140
13534, 78, 140
13535, 78, 140
13536, 78, 140
13537, 78, 140
13538, 78, 140
13539, 78, 140
13540, 78, 140
13541, 78, 140
13542, 78, 140
13543, 78, 140
13544, 78, 140
13545, 78, 140
13546, 78, 140
13547, 78, 140
13548, 78, 140
13549, 78, 140
13550, 78, 140
13551, 78, 140
13552, 78, 140
13553, 78, 140
13554, 78, 140
13555, 78, 140
13556, 78, 140
13557, 78, 140
13558, 78, 140
13559, 78, 140
13560, 78, 140
13561, 78, 140
13562, 78, 140
13563, 78, 140
13564, 78, 140
13565, 78, 140
13566, 78, 140
13567, 78, 140
13568, 78, 140
13569, 78, 140
13570, 78, 140
13571, 78, 140
13572, 78, 140
13573, 78, 140
13574, 78, 140
13575, 78, 140
13576, 78, 140
13577, 78, 140
13578, 78, 140
13579, 78, 140
13580, 78, 140
13581, 78, 140
13582, 78, 140
13583, 78, 140
13584, 78, 140
13585, 78, 140
13586, 78, 140
13587, 78, 140
13588, 78, 140
13589, 78, 140
13590, 78, 140
13591, 78, 140
13592, 78, 140
13593, 78, 140
13594, 78, 140
13595, 78, 140
13596, 78, 140
13597, 78, 140
13598, 78, 140
13599, 78, 140
13600, 78, 140
13601, 78, 140
13602, 78, 140
13603, 78, 140
13604, 78, 140
13605, 78, 140
13606, 78, 140
13607, 78, 140
13608, 78, 140
13609, 78, 140
13610, 78, 140
13611, 78, 140
13612, 78, 140
13613, 78, 140
13614, 78, 140
13615, 78, 140
13616, 78, 140
13617, 78, 140
13618, 78, 140
13619, 78, 140
13620, 78, 140
13621, 78, 140
13622, 78, 140
13623, 78, 140
13624, 78, 140
13625, 78, 140
13626, 78, 140
13627, 78, 140
13628, 78, 140
13629, 78, 140
13630, 78, 140
13631, 78, 140
13632, 78, 140
13633, 78, 140
13634, 78, 140
13635, 78, 140
13636, 78, 140
13637, 78, 140
13638, 78, 140
13639, 78, 140
13640, 78, 140
13641, 78, 140
13642, 78, 140
13643, 78, 140
13644, 78, 140
13645, 78, 140
13646, 78, 140
13647, 78, 140
13648, 78, 140
13649, 78, 140
13650, 78, 140
13651, 78, 140
13652, 78, 140
13653, 78, 140
13654, 78, 140
13655, 78, 140
13656, 78, 140
13657, 78, 140
13658, 78, 140
13659, 78, 140
13660, 78, 140
13661, 78, 140
13662, 78, 140
13663, 78, 140
13664, 78, 140
13665, 78, 140
13666, 78, 140
13667, 78, 140
13668, 78, 140
13669, 78, 140
13670, 78, 140
13671, 78, 140
13672, 78, 140
13673, 78, 140
13674, 78, 140
13675, 78, 140
13676, 78, 140
13677, 78, 140
13678, 78, 140
13679, 78, 140
13680, 78, 140
13681, 78, 140
13682, 78, 140
13683, 78, 140
13684, 78, 140
13685, 78, 140
13686, 78, 140
13687, 78, 140
13688, 78, 140
13689, 78, 140
13690, 78, 140
13691, 78, 140
13692, 78, 140
13693, 78, 140
13694, 78, 140
13695, 78, 140
13696, 78, 140
13697, 78, 140
13698, 78, 140
13699, 78, 140
13700, 78, 140
13701, 78, 140
13702, 78, 140
13703, 78, 140
13704, 78, 140
13705, 78, 140
13706, 78, 140
13707, 78, 140
13708, 78, 140
13709, 78, 140
13710, 78, 140
13711, 78, 140
13712, 78, 140
13713, 78, 140
13714, 78, 140
13715, 78, 140
13716, 78, 140
13717, 78, 140
13718, 78, 140
13719, 78, 140
13720, 78, 140
13721, 78, 140
13722, 78, 140
13723, 78, 140
13724, 78, 140
13725, 78, 140
13726, 78, 140
13727, 78, 140
13728, 78, 140
13729, 78, 140
13730, 78, 140
13731, 78, 140
13732, 78, 140
13733, 78, 140
13734, 78, 140
13735, 78, 140
13736, 78, 140
13737, 78, 140
13738, 78, 140
13739, 78, 140
13740, 78, 140
13741, 78, 140
13742, 78, 140
13743, 78, 140
13744, 78, 140
13745, 78, 140
13746, 78, 140
13747, 78, 140
13748, 78, 140
13749, 78, 140
13750, 78, 140
13751, 78, 140
13752, 78, 140
13753, 78, 140
13754, 78, 140
13755, 78, 140
13756, 78, 140
13757, 78, 140
13758, 78, 140
13759, 78, 140
13760, 78, 140
13761, 78, 140
13762, 78, 140
13763, 78, 140
13764, 78, 140
13765, 78, 140
13766, 78, 140
13767, 78, 140
13768, 78, 140
13769, 78, 140
13770, 78, 140
13771, 78, 140
13772, 78, 140
13773, 78, 140
13774, 78, 140
13775, 78, 140
13776, 78, 140
13777, 78, 140
13778, 78, 140
13779, 78, 140
13780, 78, 140
13781, 78, 140
13782, 78, 140
13783, 78, 140
13784, 78, 140
13785, 78, 140
13786, 78, 140
13787, 78, 140
13788, 78, 140
13789, 78, 140
13790, 78, 140
13791, 78, 140
13792, 78, 140
13793, 78, 140
13794, 78, 140
13795, 78, 140
13796, 78, 140
13797, 78, 140
13798, 78, 140
13799, 78, 140
13800, 78, 140
13801, 78, 140
13802, 78, 140
13803, 78, 140
13804, 78, 140
13805, 78, 140
13806, 78, 140
13807, 78, 140
13808, 78, 140
13809, 78, 140
13810, 78, 140
13811, 78, 140
13812, 78, 140
13813, 78, 140
13814, 78, 140
13815, 78, 140
13816, 78, 140
13817, 78, 140
13818, 78, 140
13819, 78, 140
13820, 78, 140
13821, 78, 140
13822, 78, 140
13823, 78, 140
13824, 78, 140
13825, 78, 140
13826, 78, 140
13827, 78, 140
13828, 78, 140
13829, 78, 140
13830, 78, 140
13831, 78, 140
13832, 78, 140
13833, 78, 140
13834, 78, 140
13835, 78, 140
13836, 78, 140
13837, 78, 140
13838, 78, 140
13839, 78, 140
13840, 78, 140
13841, 78, 140
13842, 78, 140
13843, 78, 140
13844, 78, 140
13845, 78, 140
13846, 78, 140
13847, 78, 140
13848, 78, 140
13849, 78, 140
13850, 78, 140
13851, 78, 140
13852, 78, 140
13853, 78, 140
13854, 78, 140
13855, 78, 140
13856, 78, 140
13857, 78, 140
13858, 78, 140
13859, 78, 140
13860, 78, 140
13861, 78, 140
13862, 78, 140
13863, 78, 140
13864, 78, 140
13865, 78, 140
13866, 78, 140
13867, 78, 140
13868, 78, 140
13869, 78, 140
13870, 78, 140
13871, 78, 140
13872, 78, 140
13873, 78, 140
13874, 78, 140
13875, 78, 140
13876, 78, 140
13877, 78, 140
13878, 78, 140
13879, 78, 140
13880, 78, 140
13881, 78, 140
13882, 78, 140
13883, 78, 140
13884, 78, 140
13885, 78, 140
13886, 78, 140
13887, 78, 140
13888, 78, 140
13889, 78, 140
13890, 78, 140
13891, 78, 140
13892, 78, 140
13893, 78, 140
13894, 78, 140
13895, 78, 140
13896, 78, 140
13897, 78, 140
13898, 78, 140
13899, 78, 140
13900, 78, 140
13901, 78, 140
13902, 78, 140
13903, 78, 140
13904, 78, 140
13905, 78, 140
13906, 78, 140
13907, 78, 140
13908, 78, 140
13909, 78, 140
13910, 78, 140
13911, 78, 140
13912, 78, 140
13913, 78, 140
13914, 78, 140
13915, 78, 140
13916, 78, 140
13917, 78, 140
13918, 78, 140
13919, 78, 140
13920, 78, 140
13921, 78, 140
13922, 78, 140
13923, 78, 140
13924, 78, 140
13925, 78, 140
13926, 78, 140
13927, 78, 140
13928, 78, 140
13929, 78, 140
13930, 78, 140
13931, 78, 140
13932, 78, 140
13933, 78, 140
13934, 78, 140
13935, 78, 140
13936, 78, 140
13937, 78, 140
13938, 78, 140
13939, 78, 140
13940, 78, 140
13941, 78, 140
13942, 78, 140
13943, 78, 140
13944, 78, 140
13945, 78, 140
13946, 78, 140
13947, 78, 140
13948, 78, 140
13949, 78, 140
13950, 78, 140
13951, 78, 140
13952, 78, 140
13953, 78, 140
13954, 78, 140
13955, 78, 140
13956, 78, 140
13957, 78, 140
13958, 78, 140
13959, 78, 140
13960, 78, 140
13961, 78, 140
13962, 78, 140
13963, 78, 140
13964, 78, 140
13965, 78, 140
13966, 78, 140
13967, 78, 140
13968, 78, 140
13969, 78, 140
13970, 78, 140
13971, 78, 140
13972, 78, 140
13973, 78, 140
13974, 78, 140
13975, 78, 140
13976, 78, 140
13977, 78, 140
13978, 78, 140
13979, 78, 140
13980, 78, 140
13981, 78, 140
13982, 78, 140
13983, 78, 140
13984, 78, 140
13985, 78, 140
13986, 78, 140
13987, 78, 140
13988, 78, 140
13989, 78, 140
13990, 78, 140
13991, 78, 140
13992, 78, 140
13993, 78, 140
13994, 78, 140
13995, 78, 140
13996, 78, 140
13997, 78, 140
13998, 78, 140
13999, 78, 140
14000, 78, 140
14001, 78, 140
14002, 78, 140
14003, 78, 140
14004, 78, 140
14005, 78, 140
14006, 78, 140
14007, 78, 140
14008, 78, 140
14009, 78, 140
14010, 78, 140
14011, 78, 140
14012, 78, 140
14013, 78, 140
14014, 78, 140
14015, 78, 140
14016, 78, 140
14017, 78, 140
14018, 78, 140
14019, 78, 140
14020, 78, 140
14021, 78, 140
14022, 78, 140
14023, 78, 140
14024, 78, 140
14025, 78, 140
14026, 78, 140
14027, 78, 140
14028, 78, 140
14029, 78, 140
14030, 78, 140
14031, 78, 140
14032, 78, 140
14033, 78, 140
14034, 78, 140
14035, 78, 140
14036, 78, 140
14037, 78, 140
14038, 78, 140
14039, 78, 140
14040, 78, 140
14041, 78, 140
14042, 78, 140
14043, 78, 140
14044, 78, 140
14045, 78, 140
14046, 78, 140
14047, 78, 140
14048, 78, 140
14049, 78, 140
14050, 78, 140
14051, 78, 140
14052, 78, 140
14053, 78, 140
14054, 78, 140
14055, 78, 140
14056, 78, 140
14057, 78, 140
14058, 78, 140
14059, 78, 140
14060, 78, 140
14061, 78, 140
14062, 78, 140
14063, 78, 140
14064, 78, 140
14065, 78, 140
14066, 78, 140
14067, 78, 140
14068, 78, 140
14069, 78, 140
14070, 78, 140
14071, 78, 140
14072, 78, 140
14073, 78, 140
14074, 78, 140
14075, 78, 140
14076, 78, 140
14077, 78, 140
14078, 78, 140
14079, 78, 140
14080, 78, 140
14081, 78, 140
14082, 78, 140
14083, 78, 140
14084, 78, 140
14085, 78, 140
14086, 78, 140
14087, 78, 140
14088, 78, 140
14089, 78, 140
14090, 78, 140
14091, 78, 140
14092, 78, 140
14093, 78, 140
14094, 78, 140
14095, 78, 140
14096, 78, 140
14097, 78, 140
14098, 78, 140
14099, 78, 140
14100, 78, 140
14101, 78, 140
14102, 78, 140
14103, 78, 140
14104, 78, 140
14105, 78, 140
14106, 78, 140
14107, 78, 140
14108, 78, 140
14109, 78, 140
14110, 78, 140
14111, 78, 140
14112, 78, 140
14113, 78, 140
14114, 78, 140
14115, 78, 140
14116, 78, 140
14117, 78, 140
14118, 78, 140
14119, 78, 140
14120, 78, 140
14121, 78, 140
14122, 78, 140
14123, 78, 140
14124, 78, 140
14125, 78, 140
14126, 78, 140
14127, 78, 140
14128, 78, 140
14129, 78, 140
14130, 78, 140
14131, 78, 140
14132, 78, 140
14133, 78, 140
14134, 78, 140
14135, 78, 140
14136, 78, 140
14137, 78, 140
14138, 78, 140
14139, 78, 140
14140, 78, 140
14141, 78, 140
14142, 78, 140
14143, 78, 140
14144, 78, 140
14145, 78, 140
14146, 78, 140
14147, 78, 140
14148, 78, 140
14149, 78, 140
14150, 78, 140
14151, 78, 140
14152, 78, 140
14153, 78, 140
14154, 78, 140
14155, 78, 140
14156, 78, 140
14157, 78, 140
14158, 78, 140
14159, 78, 140
14160, 78, 140
14161, 78, 140
14162, 78, 140
14163, 78, 140
14164, 78, 140
14165, 78, 140
14166, 78, 140
14167, 78, 140
14168, 78, 140
14169, 78, 140
14170, 78, 140
14171, 78, 140
14172, 78, 140
14173, 78, 140
14174, 78, 140
14175, 78, 140
14176, 78, 140
14177, 78, 140
14178, 78, 140
14179, 78, 140
14180, 78, 140
14181, 78, 140
14182, 78, 140
14183, 78, 140
14184, 78, 140
14185, 78, 140
14186, 78, 140
14187, 78, 140
14188, 78, 140
14189, 78, 140
14190, 78, 140
14191, 78, 140
14192, 78, 140
14193, 78, 140
14194, 78, 140
14195, 78, 140
14196, 78, 140
14197, 78, 140
14198, 78, 140
14199, 78, 140
14200, 78, 140
14201, 78, 140
14202, 78, 140
14203, 78, 140
14204, 78, 140
14205, 78, 140
14206, 78, 140
14207, 78, 140
14208, 78, 140
14209, 78, 140
14210, 78, 140
14211, 78, 140
14212, 78, 140
14213, 78, 140
14214, 78, 140
14215, 78, 140
14216, 78, 140
14217, 78, 140
14218, 78, 140
14219, 78, 140
14220, 78, 140
14221, 78, 140
14222, 78, 140
14223, 78, 140
14224, 78, 140
14225, 78, 140
14226, 78, 140
14227, 78, 140
14228, 78, 140
14229, 78, 140
14230, 78, 140
14231, 78, 140
14232, 78, 140
14233, 78, 140
14234, 78, 140
14235, 78, 140
14236, 78, 140
14237, 78, 140
14238, 78, 140
14239, 78, 140
14240, 78, 140
14241, 78, 140
14242, 78, 140
14243, 78, 140
14244, 78, 140
14245, 78, 140
14246, 78, 140
14247, 78, 140
14248, 78, 140
14249, 78, 140
14250, 78, 140
14251, 78, 140
14252, 78, 140
14253, 78, 140
14254, 78, 140
14255, 78, 140
14256, 78, 140
14257, 78, 140
14258, 78, 140
14259, 78, 140
14260, 78, 140
14261, 78, 140
14262, 78, 140
14263, 78, 140
14264, 78, 140
14265, 78, 140
14266, 78, 140
14267, 78, 140
14268, 78, 140
14269, 78, 140
14270, 78, 140
14271, 78, 140
14272, 78, 140
14273, 78, 140
14274, 78, 140
14275, 78, 140
14276, 78, 140
14277, 78, 140
14278, 78, 140
14279, 78, 140
14280, 78, 140
14281, 78, 140
14282, 78, 140
14283, 78, 140
14284, 78, 140
14285, 78, 140
14286, 78, 140
14287, 78, 140
14288, 78, 140
14289, 78, 140
14290, 78, 140
14291, 78, 140
14292, 78, 140
14293, 78, 140
14294, 78, 140
14295, 78, 140
14296, 78, 140
14297, 78, 140
14298, 78, 140
14299, 78, 140
14300, 78, 140
14301, 78, 140
14302, 78, 140
14303, 78, 140
14304, 78, 140
14305, 78, 140
14306, 78, 140
14307, 78, 140
14308, 78, 140
14309, 78, 140
14310, 78, 140
14311, 78, 140
14312, 78, 140
14313, 78, 140
14314, 78, 140
14315, 78, 140
14316, 78, 140
14317, 78, 140
14318, 78, 140
14319, 78, 140
14320, 78, 140
14321, 78, 140
14322, 78, 140
14323, 78, 140
14324, 78, 140
14325, 78, 140
14326, 78, 140
14327, 78, 140
14328, 78, 140
14329, 78, 140
14330, 78, 140
14331, 78, 140
14332, 78, 140
14333, 78, 140
14334, 78, 140
14335, 78, 140
14336, 78, 140
14337, 78, 140
14338, 78, 140
14339, 78, 140
14340, 78, 140
14341, 78, 140
14342, 78, 140
14343, 78, 140
14344, 78, 140
14345, 78, 140
14346, 78, 140
14347, 78, 140
14348, 78, 140
14349, 78, 140
14350, 78, 140
14351, 78, 140
14352, 78, 140
14353, 78, 140
14354, 78, 140
14355, 78, 140
14356, 78, 140
14357, 78, 140
14358, 78, 140
14359, 78, 140
14360, 78, 140
14361, 78, 140
14362, 78, 140
14363, 78, 140
14364, 78, 140
14365, 78, 140
14366, 78, 140
14367, 78, 140
14368, 78, 140
14369, 78, 140
14370, 78, 140
14371, 78, 140
14372, 78, 140
14373, 78, 140
14374, 78, 140
14375, 78, 140
14376, 78, 140
14377, 78, 140
14378, 78, 140
14379, 78, 140
14380, 78, 140
14381, 78, 140
14382, 78, 140
14383, 78, 140
14384, 78, 140
14385, 78, 140
14386, 78, 140
14387, 78, 140
14388, 78, 140
14389, 78, 140
14390, 78, 140
14391, 78, 140
14392, 78, 140
14393, 78, 140
14394, 78, 140
14395, 78, 140
14396, 78, 140
14397, 78, 140
14398, 78, 140
14399, 78, 140
14400, 78, 140
14401, 78, 140
14402, 78, 140
14403, 78, 140
14404, 78, 140
14405, 78, 140
14406, 78, 140
14407, 78, 140
14408, 78, 140
14409, 78, 140
14410, 78, 140
14411, 78, 140
14412, 78, 140
14413, 78, 140
14414, 78, 140
14415, 78, 140
14416, 78, 140
14417, 78, 140
14418, 78, 140
14419, 78, 140
14420, 78, 140
14421, 78, 140
14422, 78, 140
14423, 78, 140
14424, 78, 140
14425, 78, 140
14426, 78, 140
14427, 78, 140
14428, 78, 140
14429, 78, 140
14430, 78, 140
14431, 78, 140
14432, 78, 140
14433, 78, 140
14434, 78, 140
14435, 78, 140
14436, 78, 140
14437, 78, 140
14438, 78, 140
14439, 78, 140
14440, 78, 140
14441, 78, 140
14442, 78, 140
14443, 78, 140
14444, 78, 140
14445, 78, 140
14446, 78, 140
14447, 78, 140
14448, 78, 140
14449, 78, 140
14450, 78, 140
14451, 78, 140
14452, 78, 140
14453, 78, 140
14454, 78, 140
14455, 78, 140
14456, 78, 140
14457, 78, 140
14458, 78, 140
14459, 78, 140
14460, 78, 140
14461, 78, 140
14462, 78, 140
14463, 78, 140
14464, 78, 140
14465, 78, 140
14466, 78, 140
14467, 78, 140
14468, 78, 140
14469, 78, 140
14470, 78, 140
14471, 78, 140
14472, 78, 140
14473, 78, 140
14474, 78, 140
14475, 78, 140
14476, 78, 140
14477, 78, 140
14478, 78, 140
14479, 78, 140
14480, 78, 140
14481, 78, 140
14482, 78, 140
14483, 78, 140
14484, 78, 140
14485, 78, 140
14486, 78, 140
14487, 78, 140
14488, 78, 140
14489, 78, 140
14490, 78, 140
14491, 78, 140
14492, 78, 140
14493, 78, 140
14494, 78, 140
14495, 78, 140
14496, 78, 140
14497, 78, 140
14498, 78, 140
14499, 78, 140
14500, 78, 140
14501, 78, 140
14502, 78, 140
14503, 78, 140
14504, 78, 140
14505, 78, 140
14506, 78, 140
14507, 78, 140
14508, 78, 140
14509, 78, 140
14510, 78, 140
14511, 78, 140
14512, 78, 140
14513, 78, 140
14514, 78, 140
14515, 78, 140
14516, 78, 140
14517, 78, 140
14518, 78, 140
14519, 78, 140
14520, 78, 140
14521, 78, 140
14522, 78, 140
14523, 78, 140
14524, 78, 140
14525, 78, 140
14526, 78, 140
14527, 78, 140
14528, 78, 140
14529, 78, 140
14530, 78, 140
14531, 78, 140
14532, 78, 140
14533, 78, 140
14534, 78, 140
14535, 78, 140
14536, 78, 140
14537, 78, 140
14538, 78, 140
14539, 78, 140
14540, 78, 140
14541, 78, 140
14542, 78, 140
14543, 78, 140
14544, 78, 140
14545, 78, 140
14546, 78, 140
14547, 78, 140
14548, 78, 140
14549, 78, 140
14550, 78, 140
14551, 78, 140
14552, 78, 140
14553, 78, 140
14554, 78, 140
14555, 78, 140
14556, 78, 140
14557, 78, 140
14558, 78, 140
14559, 78, 140
14560, 78, 140
14561, 78, 140
14562, 78, 140
14563, 78, 140
14564, 78, 140
14565, 78, 140
14566, 78, 140
14567, 78, 140
14568, 78, 140
14569, 78, 140
14570, 78, 140
14571, 78, 140
14572, 78, 140
14573, 78, 140
14574, 78, 140
14575, 78, 140
14576, 78, 140
14577, 78, 140
14578, 78, 140
14579, 78, 140
14580, 78, 140
14581, 78, 140
14582, 78, 140
14583, 78, 140
14584, 78, 140
14585, 78, 140
14586, 78, 140
14587, 78, 140
14588, 78, 140
14589, 78, 140
14590, 78, 140
14591, 78, 140
14592, 78, 140
14593, 78, 140
14594, 78, 140
14595, 78, 140
14596, 78, 140
14597, 78, 140
14598, 78, 140
14599, 78, 140
14600, 78, 140
14601, 78, 140
14602, 78, 140
14603, 78, 140
14604, 78, 140
14605, 78, 140
14606, 78, 140
14607, 78, 140
14608, 78, 140
14609, 78, 140
14610, 78, 140
14611, 78, 140
14612, 78, 140
14613, 78, 140
14614, 78, 140
14615, 78, 140
14616, 78, 140
14617, 78, 140
14618, 78, 140
14619, 78, 140
14620, 78, 140
14621, 78, 140
14622, 78, 140
14623, 78, 140
14624, 78, 140
14625, 78, 140
14626, 78, 140
14627, 78, 140
14628, 78, 140
14629, 78, 140
14630, 78, 140
14631, 78, 140
14632, 78, 140
14633, 78, 140
14634, 78, 140
14635, 78, 140
14636, 78, 140
14637, 78, 140
14638, 78, 140
14639, 78, 140
14640, 78, 140
14641, 78, 140
14642, 78, 140
14643, 78, 140
14644, 78, 140
14645, 78, 140
14646, 78, 140
14647, 78, 140
14648, 78, 140
14649, 78, 140
14650, 78, 140
14651, 78, 140
14652, 78, 140
14653, 78, 140
14654, 78, 140
14655, 78, 140
14656, 78, 140
14657, 78, 140
14658, 78, 140
14659, 78, 140
14660, 78, 140
14661, 78, 140
14662, 78, 140
14663, 78, 140
14664, 78, 140
14665, 78, 140
14666, 78, 140
14667, 78, 140
14668, 78, 140
14669, 78, 140
14670, 78, 140
14671, 78, 140
14672, 78, 140
14673, 78, 140
14674, 78, 140
14675, 78, 140
14676, 78, 140
14677, 78, 140
14678, 78, 140
14679, 78, 140
14680, 78, 140
14681, 78, 140
14682, 78, 140
14683, 78, 140
14684, 78, 140
14685, 78, 140
14686, 78, 140
14687, 78, 140
14688, 78, 140
14689, 78, 140
14690, 78, 140
14691, 78, 140
14692, 78, 140
14693, 78, 140
14694, 78, 140
14695, 78, 140
14696, 78, 140
14697, 78, 140
14698, 78, 140
14699, 78, 140
14700, 78, 140
14701, 78, 140
14702, 78, 140
14703, 78, 140
14704, 78, 140
14705, 78, 140
14706, 78, 140
14707, 78, 140
14708, 78, 140
14709, 78, 140
14710, 78, 140
14711, 78, 140
14712, 78, 140
14713, 78, 140
14714, 78, 140
14715, 78, 140
14716, 78, 140
14717, 78, 140
14718, 78, 140
14719, 78, 140
14720, 78, 140
14721, 78, 140
14722, 78, 140
14723, 78, 140
14724, 78, 140
14725, 78, 140
14726, 78, 140
14727, 78, 140
14728, 78, 140
14729, 78, 140
14730, 78, 140
14731, 78, 140
14732, 78, 140
14733, 78, 140
14734, 78, 140
14735, 78, 140
14736, 78, 140
14737, 78, 140
14738, 78, 140
14739, 78, 140
14740, 78, 140
14741, 78, 140
14742, 78, 140
14743, 78, 140
14744, 78, 140
14745, 78, 140
14746, 78, 140
14747, 78, 140
14748, 78, 140
14749, 78, 140
14750, 78, 140
14751, 78, 140
14752, 78, 140
14753, 78, 140
14754, 78, 140
14755, 78, 140
14756, 78, 140
14757, 78, 140
14758, 78, 140
14759, 78, 140
14760, 78, 140
14761, 78, 140
14762, 78, 140
14763, 78, 140
14764, 78, 140
14765, 78, 140
14766, 78, 140
14767, 78, 140
14768, 78, 140
14769, 78, 140
14770, 78, 140
14771, 78, 140
14772, 78, 140
14773, 78, 140
14774, 78, 140
14775, 78, 140
14776, 78, 140
14777, 78, 140
14778, 78, 140
14779, 78, 140
14780, 78, 140
14781, 78, 140
14782, 78, 140
14783, 78, 140
14784, 78, 140
14785, 78, 140
14786, 78, 140
14787, 78, 140
14788, 78, 140
14789, 78, 140
14790, 78, 140
14791, 78, 140
14792, 78, 140
14793, 78, 140
14794, 78, 140
14795, 78, 140
14796, 78, 140
14797, 78, 140
14798, 78, 140
14799, 78, 140
14800, 78, 140
14801, 78, 140
14802, 78, 140
14803, 78, 140
14804, 78, 140
14805, 78, 140
14806, 78, 140
14807, 78, 140
14808, 78, 140
14809, 78, 140
14810, 78, 140
14811, 78, 140
14812, 78, 140
14813, 78, 140
14814, 78, 140
14815, 78, 140
14816, 78, 140
14817, 78, 140
14818, 78, 140
14819, 78, 140
14820, 78, 140
14821, 78, 140
14822, 78, 140
14823, 78, 140
14824, 78, 140
14825, 78, 140
14826, 78, 140
14827, 78, 140
14828, 78, 140
14829, 78, 140
14830, 78, 140
14831, 78, 140
14832, 78, 140
14833, 78, 140
14834, 78, 140
14835, 78, 140
14836, 78, 140
14837, 78, 140
14838, 78, 140
14839, 78, 140
14840, 78, 140
14841, 78, 140
14842, 78, 140
14843, 78, 140
14844, 78, 140
14845, 78, 140
14846, 78, 140
14847, 78, 140
14848, 78, 140
14849, 78, 140
14850, 78, 140
14851, 78, 140
14852, 78, 140
14853, 78, 140
14854, 78, 140
14855, 78, 140
14856, 78, 140
14857, 78, 140
14858, 78, 140
14859, 78, 140
14860, 78, 140
14861, 78, 140
14862, 78, 140
14863, 78, 140
14864, 78, 140
14865, 78, 140
14866, 78, 140
14867, 78, 140
14868, 78, 140
14869, 78, 140
14870, 78, 140
14871, 78, 140
14872, 78, 140
14873, 78, 140
14874, 78, 140
14875, 78, 140
14876, 78, 140
14877, 78, 140
14878, 78, 140
14879, 78, 140
14880, 78, 140
14881, 78, 140
14882, 78, 140
14883, 78, 140
14884, 78, 140
14885, 78, 140
14886, 78, 140
14887, 78, 140
14888, 78, 140
14889, 78, 140
14890, 78, 140
14891, 78, 140
14892, 78, 140
14893, 78, 140
14894, 78, 140
14895, 78, 140
14896, 78, 140
14897, 78, 140
14898, 78, 140
14899, 78, 140
14900, 78, 140
14901, 78, 140
14902, 78, 140
14903, 78, 140
14904, 78, 140
14905, 78, 140
14906, 78, 140
14907, 78, 140
14908, 78, 140
14909, 78, 140
14910, 78, 140
14911, 78, 140
14912, 78, 140
14913, 78, 140
14914, 78, 140
14915, 78, 140
14916, 78, 140
14917, 78, 140
14918, 78, 140
14919, 78, 140
14920, 78, 140
14921, 78, 140
14922, 78, 140
14923, 78, 140
14924, 78, 140
14925, 78, 140
14926, 78, 140
14927, 78, 140
14928, 78, 140
14929, 78, 140
14930, 78, 140
14931, 78, 140
14932, 78, 140
14933, 78, 140
14934, 78, 140
14935, 78, 140
14936, 78, 140
14937, 78, 140
14938, 78, 140
14939, 78, 140
14940, 78, 140
14941, 78, 140
14942, 78, 140
14943, 78, 140
14944, 78, 140
14945, 78, 140
14946, 78, 140
14947, 78, 140
14948, 78, 140
14949, 78, 140
14950, 78, 140
14951, 78, 140
14952, 78, 140
14953, 78, 140
14954, 78, 140
14955, 78, 140
14956, 78, 140
14957, 78, 140
14958, 78, 140
14959, 78, 140
14960, 78, 140
14961, 78, 140
14962, 78, 140
14963, 78, 140
14964, 78, 140
14965, 78, 140
14966, 78, 140
14967, 78, 140
14968, 78, 140
14969, 78, 140
14970, 78, 140
14971, 78, 140
14972, 78, 140
14973, 78, 140
14974, 78, 140
14975, 78, 140
14976, 78, 140
14977, 78, 140
14978, 78, 140
14979, 78, 140
14980, 78, 140
14981, 78, 140
14982, 78, 140
14983, 78, 140
14984, 78, 140
14985, 78, 140
14986, 78, 140
14987, 78, 140
14988, 78, 140
14989, 78, 140
14990, 78, 140
14991, 78, 140
14992, 78, 140
14993, 78, 140
14994, 78, 140
14995, 78, 140
14996, 78, 140
14997, 78, 140
14998, 78, 140
14999, 78, 140
15000, 78, 140
15001, 78, 140
15002, 78, 140
15003, 78, 140
15004, 78, 140
15005, 78, 140
15006, 78, 140
15007, 78, 140
15008, 78, 140
15009, 78, 140
15010, 78, 140
15011, 78, 140
15012, 78, 140
15013, 78, 140
15014, 78, 140
15015, 78, 140
15016, 78, 140
15017, 78, 140
15018, 78, 140
15019, 78, 140
15020, 78, 140
15021, 78, 140
15022, 78, 140
15023, 78, 140
15024, 78, 140
15025, 78, 140
15026, 78, 140
15027, 78, 140
15028, 78, 140
15029, 78, 140
15030, 78, 140
15031, 78, 140
15032, 78, 140
15033, 78, 140
15034, 78, 140
15035, 78, 140
15036, 78, 140
15037, 78, 140
15038, 78, 140
15039, 78, 140
15040, 78, 140
15041, 78, 140
15042, 78, 140
15043, 78, 140
15044, 78, 140
15045, 78, 140
15046, 78, 140
15047, 78, 140
15048, 78, 140
15049, 78, 140
15050, 78, 140
15051, 78, 140
15052, 78, 140
15053, 78, 140
15054, 78, 140
15055, 78, 140
15056, 78, 140
15057, 78, 140
15058, 78, 140
15059, 78, 140
15060, 78, 140
15061, 78, 140
15062, 78, 140
15063, 78, 140
15064, 78, 140
15065, 78, 140
15066, 78, 140
15067, 78, 140
15068, 78, 140
15069, 78, 140
15070, 78, 140
15071, 78, 140
15072, 78, 140
15073, 78, 140
15074, 78, 140
15075, 78, 140
15076, 78, 140
15077, 78, 140
15078, 78, 140
15079, 78, 140
15080, 78, 140
15081, 78, 140
15082, 78, 140
15083, 78, 140
15084, 78, 140
15085, 78, 140
15086, 78, 140
15087, 78, 140
15088, 78, 140
15089, 78, 140
15090, 78, 140
15091, 78, 140
15092, 78, 140
15093, 78, 140
15094, 78, 140
15095, 78, 140
15096, 78, 140
15097, 78, 140
15098, 78, 140
15099, 78, 140
15100, 78, 140
15101, 78, 140
15102, 78, 140
15103, 78, 140
15104, 78, 140
15105, 78, 140
15106, 78, 140
15107, 78, 140
15108, 78, 140
15109, 78, 140
15110, 78, 140
15111, 78, 140
15112, 78, 140
15113, 78, 140
15114, 78, 140
15115, 78, 140
15116, 78, 140
15117, 78, 140
15118, 78, 140
15119, 78, 140
15120, 78, 140
15121, 78, 140
15122, 78, 140
15123, 78, 140
15124, 78, 140
15125, 78, 140
15126, 78, 140
15127, 78, 140
15128, 78, 140
15129, 78, 140
15130, 78, 140
15131, 78, 140
15132, 78, 140
15133, 78, 140
15134, 78, 140
15135, 78, 140
15136, 78, 140
15137, 78, 140
15138, 78, 140
15139, 78, 140
15140, 78, 140
15141, 78, 140
15142, 78, 140
15143, 78, 140
15144, 78, 140
15145, 78, 140
15146, 78, 140
15147, 78, 140
15148, 78, 140
15149, 78, 140
15150, 78, 140
15151, 78, 140
15152, 78, 140
15153, 78, 140
15154, 78, 140
15155, 78, 140
15156, 78, 140
15157, 78, 140
15158, 78, 140
15159, 78, 140
15160, 78, 140
15161, 78, 140
15162, 78, 140
15163, 78, 140
15164, 78, 140
15165, 78, 140
15166, 78, 140
15167, 78, 140
15168, 78, 140
15169, 78, 140
15170, 78, 140
15171, 78, 140
15172, 78, 140
15173, 78, 140
15174, 78, 140
15175, 78, 140
15176, 78, 140
15177, 78, 140
15178, 78, 140
15179, 78, 140
15180, 78, 140
15181, 78, 140
15182, 78, 140
15183, 78, 140
15184, 78, 140
15185, 78, 140
15186, 78, 140
15187, 78, 140
15188, 78, 140
15189, 78, 140
15190, 78, 140
15191, 78, 140
15192, 78, 140
15193, 78, 140
15194, 78, 140
15195, 78, 140
15196, 78, 140
15197, 78, 140
15198, 78, 140
15199, 78, 140
15200, 78, 140
15201, 78, 140
15202, 78, 140
15203, 78, 140
15204, 78, 140
15205, 78, 140
15206, 78, 140
15207, 78, 140
15208, 78, 140
15209, 78, 140
15210, 78, 140
15211, 78, 140
15212, 78, 140
15213, 78, 140
15214, 78, 140
15215, 78, 140
15216, 78, 140
15217, 78, 140
15218, 78, 140
15219, 78, 140
15220, 78, 140
15221, 78, 140
15222, 78, 140
15223, 78, 140
15224, 78, 140
15225, 78, 140
15226, 78, 140
15227, 78, 140
15228, 78, 140
15229, 78, 140
15230, 78, 140
15231, 78, 140
15232, 78, 140
15233, 78, 140
15234, 78, 140
15235, 78, 140
15236, 78, 140
15237, 78, 140
15238, 78, 140
15239, 78, 140
15240, 78, 140
15241, 78, 140
15242, 78, 140
15243, 78, 140
15244, 78, 140
15245, 78, 140
15246, 78, 140
15247, 78, 140
15248, 78, 140
15249, 78, 140
15250, 78, 140
15251, 78, 140
15252, 78, 140
15253, 78, 140
15254, 78, 140
15255, 78, 140
15256, 78, 140
15257, 78, 140
15258, 78, 140
15259, 78, 140
15260, 78, 140
15261, 78, 140
15262, 78, 140
15263, 78, 140
15264, 78, 140
15265, 78, 140
15266, 78, 140
15267, 78, 140
15268, 78, 140
15269, 78, 140
15270, 78, 140
15271, 78, 140
15272, 78, 140
15273, 78, 140
15274, 78, 140
15275, 78, 140
15276, 78, 140
15277, 78, 140
15278, 78, 140
15279, 78, 140
15280, 78, 140
15281, 78, 140
15282, 78, 140
15283, 78, 140
15284, 78, 140
15285, 78, 140
15286, 78, 140
15287, 78, 140
15288, 78, 140
15289, 78, 140
15290, 78, 140
15291, 78, 140
15292, 78, 140
15293, 78, 140
15294, 78, 140
15295, 78, 140
15296, 78, 140
15297, 78, 140
15298, 78, 140
15299, 78, 140
15300, 78, 140
15301, 78, 140
15302, 78, 140
15303, 78, 140
15304, 78, 140
15305, 78, 140
15306, 78, 140
15307, 78, 140
15308, 78, 140
15309, 78, 140
15310, 78, 140
15311, 78, 140
15312, 78, 140
15313, 78, 140
15314, 78, 140
15315, 78, 140
15316, 78, 140
15317, 78, 140
15318, 78, 140
15319, 78, 140
15320, 78, 140
15321, 78, 140
15322, 78, 140
15323, 78, 140
15324, 78, 140
15325, 78, 140
15326, 78, 140
15327, 78, 140
15328, 78, 140
15329, 78, 140
15330, 78, 140
15331, 78, 140
15332, 78, 140
15333, 78, 140
15334, 78, 140
15335, 78, 140
15336, 78, 140
15337, 78, 140
15338, 78, 140
15339, 78, 140
15340, 78, 140
15341, 78, 140
15342, 78, 140
15343, 78, 140
15344, 78, 140
15345, 78, 140
15346, 78, 140
15347, 78, 140
15348, 78, 140
15349, 78, 140
15350, 78, 140
15351, 78, 140
15352, 78, 140
15353, 78, 140
15354, 78, 140
15355, 78, 140
15356, 78, 140
15357, 78, 140
15358, 78, 140
15359, 78, 140
15360, 78, 140
15361, 78, 140
15362, 78, 140
15363, 78, 140
15364, 78, 140
15365, 78, 140
15366, 78, 140
15367, 78, 140
15368, 78, 140
15369, 78, 140
15370, 78, 140
15371, 78, 140
15372, 78, 140
15373, 78, 140
15374, 78, 140
15375, 78, 140
15376, 78, 140
15377, 78, 140
15378, 78, 140
15379, 78, 140
15380, 78, 140
15381, 78, 140
15382, 78, 140
15383, 78, 140
15384, 78, 140
15385, 78, 140
15386, 78, 140
15387, 78, 140
15388, 78, 140
15389, 78, 140
15390, 78, 140
15391, 78, 140
15392, 78, 140
15393, 78, 140
15394, 78, 140
15395, 78, 140
15396, 78, 140
15397, 78, 140
15398, 78, 140
15399, 78, 140
15400, 78, 140
15401, 78, 140
15402, 78, 140
15403, 78, 140
15404, 78, 140
15405, 78, 140
15406, 78, 140
15407, 78, 140
15408, 78, 140
15409, 78, 140
15410, 78, 140
15411, 78, 140
15412, 78, 140
15413, 78, 140
15414, 78, 140
15415, 78, 140
15416, 78, 140
15417, 78, 140
15418, 78, 140
15419, 78, 140
15420, 78, 140
15421, 78, 140
15422, 78, 140
15423, 78, 140
15424, 78, 140
15425, 78, 140
15426, 78, 140
15427, 78, 140
15428, 78, 140
15429, 78, 140
15430, 78, 140
15431, 78, 140
15432, 78, 140
15433, 78, 140
15434, 78, 140
15435, 78, 140
15436, 78, 140
15437, 78, 140
15438, 78, 140
15439, 78, 140
15440, 78, 140
15441, 78, 140
15442, 78, 140
15443, 78, 140
15444, 78, 140
15445, 78, 140
15446, 78, 140
15447, 78, 140
15448, 78, 140
15449, 78, 140
15450, 78, 140
15451, 78, 140
15452, 78, 140
15453, 78, 140
15454, 78, 140
15455, 78, 140
15456, 78, 140
15457, 78, 140
15458, 78, 140
15459, 78, 140
15460, 78, 140
15461, 78, 140
15462, 78, 140
15463, 78, 140
15464, 78, 140
15465, 78, 140
15466, 78, 140
15467, 78, 140
15468, 78, 140
15469, 78, 140
15470, 78, 140
15471, 78, 140
15472, 78, 140
15473, 78, 140
15474, 78, 140
15475, 78, 140
15476, 78, 140
15477, 78, 140
15478, 78, 140
15479, 78, 140
15480, 78, 140
15481, 78, 140
15482, 78, 140
15483, 78, 140
15484, 78, 140
15485, 78, 140
15486, 78, 140
15487, 78, 140
15488, 78, 140
15489, 78, 140
15490, 78, 140
15491, 78, 140
15492, 78, 140
15493, 78, 140
15494, 78, 140
15495, 78, 140
15496, 78, 140
15497, 78, 140
15498, 78, 140
15499, 78, 140
15500, 78, 140
15501, 78, 140
15502, 78, 140
15503, 78, 140
15504, 78, 140
15505, 78, 140
15506, 78, 140
15507, 78, 140
15508, 78, 140
15509, 78, 140
15510, 78, 140
15511, 78, 140
15512, 78, 140
15513, 78, 140
15514, 78, 140
15515, 78, 140
15516, 78, 140
15517, 78, 140
15518, 78, 140
15519, 78, 140
15520, 78, 140
15521, 78, 140
15522, 78, 140
15523, 78, 140
15524, 78, 140
15525, 78, 140
15526, 78, 140
15527, 78, 140
15528, 78, 140
15529, 78, 140
15530, 78, 140
15531, 78, 140
15532, 78, 140
15533, 78, 140
15534, 78, 140
15535, 78, 140
15536, 78, 140
15537, 78, 140
15538, 78, 140
15539, 78, 140
15540, 78, 140
15541, 78, 140
15542, 78, 140
15543, 78, 140
15544, 78, 140
15545, 78, 140
15546, 78, 140
15547, 78, 140
15548, 78, 140
15549, 78, 140
15550, 78, 140
15551, 78, 140
15552, 78, 140
15553, 78, 140
15554, 78, 140
15555, 78, 140
15556, 78, 140
15557, 78, 140
15558, 78, 140
15559, 78, 140
15560, 78, 140
15561, 78, 140
15562, 78, 140
15563, 78, 140
15564, 78, 140
15565, 78, 140
15566, 78, 140
15567, 78, 140
15568, 78, 140
15569, 78, 140
15570, 78, 140
15571, 78, 140
15572, 78, 140
15573, 78, 140
15574, 78, 140
15575, 78, 140
15576, 78, 140
15577, 78, 140
15578, 78, 140
15579, 78, 140
15580, 78, 140
15581, 78, 140
15582, 78, 140
15583, 78, 140
15584, 78, 140
15585, 78, 140
15586, 78, 140
15587, 78, 140
15588, 78, 140
15589, 78, 140
15590, 78, 140
15591, 78, 140
15592, 78, 140
15593, 78, 140
15594, 78, 140
15595, 78, 140
15596, 78, 140
15597, 78, 140
15598, 78, 140
15599, 78, 140
15600, 78, 140
15601, 78, 140
15602, 78, 140
15603, 78, 140
15604, 78, 140
15605, 78, 140
15606, 78, 140
15607, 78, 140
15608, 78, 140
15609, 78, 140
15610, 78, 140
15611, 78, 140
15612, 78, 140
15613, 78, 140
15614, 78, 140
15615, 78, 140
15616, 78, 140
15617, 78, 140
15618, 78, 140
15619, 78, 140
15620, 78, 140
15621, 78, 140
15622, 78, 140
15623, 78, 140
15624, 78, 140
15625, 78, 140
15626, 78, 140
15627, 78, 140
15628, 78, 140
15629, 78, 140
15630, 78, 140
15631, 78, 140
15632, 78, 140
15633, 78, 140
15634, 78, 140
15635, 78, 140
15636, 78, 140
15637, 78, 140
15638, 78, 140
15639, 78, 140
15640, 78, 140
15641, 78, 140
15642, 78, 140
15643, 78, 140
15644, 78, 140
15645, 78, 140
15646, 78, 140
15647, 78, 140
15648, 78, 140
15649, 78, 140
15650, 78, 140
15651, 78, 140
15652, 78, 140
15653, 78, 140
15654, 78, 140
15655, 78, 140
15656, 78, 140
15657, 78, 140
15658, 78, 140
15659, 78, 140
15660, 78, 140
15661, 78, 140
15662, 78, 140
15663, 78, 140
15664, 78, 140
15665, 78, 140
15666, 78, 140
15667, 78, 140
15668, 78, 140
15669, 78, 140
15670, 78, 140
15671, 78, 140
15672, 78, 140
15673, 78, 140
15674, 78, 140
15675, 78, 140
15676, 78, 140
15677, 78, 140
15678, 78, 140
15679, 78, 140
15680, 78, 140
15681, 78, 140
15682, 78, 140
15683, 78, 140
15684, 78, 140
15685, 78, 140
15686, 78, 140
15687, 78, 140
15688, 78, 140
15689, 78, 140
15690, 78, 140
15691, 78, 140
15692, 78, 140
15693, 78, 140
15694, 78, 140
15695, 78, 140
15696, 78, 140
15697, 78, 140
15698, 78, 140
15699, 78, 140
15700, 78, 140
15701, 78, 140
15702, 78, 140
15703, 78, 140
15704, 78, 140
15705, 78, 140
15706, 78, 140
15707, 78, 140
15708, 78, 140
15709, 78, 140
15710, 78, 140
15711, 78, 140
15712, 78, 140
15713, 78, 140
15714, 78, 140
15715, 78, 140
15716, 78, 140
15717, 78, 140
15718, 78, 140
15719, 78, 140
15720, 78, 140
15721, 78, 140
15722, 78, 140
15723, 78, 140
15724, 78, 140
15725, 78, 140
15726, 78, 140
15727, 78, 140
15728, 78, 140
15729, 78, 140
15730, 78, 140
15731, 78, 140
15732, 78, 140
15733, 78, 140
15734, 78, 140
15735, 78, 140
15736, 78, 140
15737, 78, 140
15738, 78, 140
15739, 78, 140
15740, 78, 140
15741, 78, 140
15742, 78, 140
15743, 78, 140
15744, 78, 140
15745, 78, 140
15746, 78, 140
15747, 78, 140
15748, 78, 140
15749, 78, 140
15750, 78, 140
15751, 78, 140
15752, 78, 140
15753, 78, 140
15754, 78, 140
15755, 78, 140
15756, 78, 140
15757, 78, 140
15758, 78, 140
15759, 78, 140
15760, 78, 140
15761, 78, 140
15762, 78, 140
15763, 78, 140
15764, 78, 140
15765, 78, 140
15766, 78, 140
15767, 78, 140
15768, 78, 140
15769, 78, 140
15770, 78, 140
15771, 78, 140
15772, 78, 140
15773, 78, 140
15774, 78, 140
15775, 78, 140
15776, 78, 140
15777, 78, 140
15778, 78, 140
15779, 78, 140
15780, 78, 140
15781, 78, 140
15782, 78, 140
15783, 78, 140
15784, 78, 140
15785, 78, 140
15786, 78, 140
15787, 78, 140
15788, 78, 140
15789, 78, 140
15790, 78, 140
15791, 78, 140
15792, 78, 140
15793, 78, 140
15794, 78, 140
15795, 78, 140
15796, 78, 140
15797, 78, 140
15798, 78, 140
15799, 78, 140
15800, 78, 140
15801, 78, 140
15802, 78, 140
15803, 78, 140
15804, 78, 140
15805, 78, 140
15806, 78, 140
15807, 78, 140
15808, 78, 140
15809, 78, 140
15810, 78, 140
15811, 78, 140
15812, 78, 140
15813, 78, 140
15814, 78, 140
15815, 78, 140
15816, 78, 140
15817, 78, 140
15818, 78, 140
15819, 78, 140
15820, 78, 140
15821, 78, 140
15822, 78, 140
15823, 78, 140
15824, 78, 140
15825, 78, 140
15826, 78, 140
15827, 78, 140
15828, 78, 140
15829, 78, 140
15830, 78, 140
15831, 78, 140
15832, 78, 140
15833, 78, 140
15834, 78, 140
15835, 78, 140
15836, 78, 140
15837, 78, 140
15838, 78, 140
15839, 78, 140
15840, 78, 140
15841, 78, 140
15842, 78, 140
15843, 78, 140
15844, 78, 140
15845, 78, 140
15846, 78, 140
15847, 78, 140
15848, 78, 140
15849, 78, 140
15850, 78, 140
15851, 78, 140
15852, 78, 140
15853, 78, 140
15854, 78, 140
15855, 78, 140
15856, 78, 140
15857, 78, 140
15858, 78, 140
15859, 78, 140
15860, 78, 140
15861, 78, 140
15862, 78, 140
15863, 78, 140
15864, 78, 140
15865, 78, 140
15866, 78, 140
15867, 78, 140
15868, 78, 140
15869, 78, 140
15870, 78, 140
15871, 78, 140
15872, 78, 140
15873, 78, 140
15874, 78, 140
15875, 78, 140
15876, 78, 140
15877, 78, 140
15878, 78, 140
15879, 78, 140
15880, 78, 140
15881, 78, 140
15882, 78, 140
15883, 78, 140
15884, 78, 140
15885, 78, 140
15886, 78, 140
15887, 78, 140
15888, 78, 140
15889, 78, 140
15890, 78, 140
15891, 78, 140
15892, 78, 140
15893, 78, 140
15894, 78, 140
15895, 78, 140
15896, 78, 140
15897, 78, 140
15898, 78, 140
15899, 78, 140
15900, 78, 140
15901, 78, 140
15902, 78, 140
15903, 78, 140
15904, 78, 140
15905, 78, 140
15906, 78, 140
15907, 78, 140
15908, 78, 140
15909, 78, 140
15910, 78, 140
15911, 78, 140
15912, 78, 140
15913, 78, 140
15914, 78, 140
15915, 78, 140
15916, 78, 140
15917, 78, 140
15918, 78, 140
15919, 78, 140
15920, 78, 140
15921, 78, 140
15922, 78, 140
15923, 78, 140
15924, 78, 140
15925, 78, 140
15926, 78, 140
15927, 78, 140
15928, 78, 140
15929, 78, 140
15930, 78, 140
15931, 78, 140
15932, 78, 140
15933, 78, 140
15934, 78, 140
15935, 78, 140
15936, 78, 140
15937, 78, 140
15938, 78, 140
15939, 78, 140
15940, 78, 140
15941, 78, 140
15942, 78, 140
15943, 78, 140
15944, 78, 140
15945, 78, 140
15946, 78, 140
15947, 78, 140
15948, 78, 140
15949, 78, 140
15950, 78, 140
15951, 78, 140
15952, 78, 140
15953, 78, 140
15954, 78, 140
15955, 78, 140
15956, 78, 140
15957, 78, 140
15958, 78, 140
15959, 78, 140
15960, 78, 140
15961, 78, 140
15962, 78, 140
15963, 78, 140
15964, 78, 140
15965, 78, 140
15966, 78, 140
15967, 78, 140
15968, 78, 140
15969, 78, 140
15970, 78, 140
15971, 78, 140
15972, 78, 140
15973, 78, 140
15974, 78, 140
15975, 78, 140
15976, 78, 140
15977, 78, 140
15978, 78, 140
15979, 78, 140
15980, 78, 140
15981, 78, 140
15982, 78, 140
15983, 78, 140
15984, 78, 140
15985, 78, 140
15986, 78, 140
15987, 78, 140
15988, 78, 140
15989, 78, 140
15990, 78, 140
15991, 78, 140
15992, 78, 140
15993, 78, 140
15994, 78, 140
15995, 78, 140
15996, 78, 140
15997, 78, 140
15998, 78, 140
15999, 78, 140
16000, 78, 140
16001, 78, 140
16002, 78, 140
16003, 78, 140
16004, 78, 140
16005, 78, 140
16006, 78, 140
16007, 78, 140
16008, 78, 140
16009, 78, 140
16010, 78, 140
16011, 78, 140
16012, 78, 140
16013, 78, 140
16014, 78, 140
16015, 78, 140
16016, 78, 140
16017, 78, 140
16018, 78, 140
16019, 78, 140
16020, 78, 140
16021, 78, 140
16022, 78, 140
16023, 78, 140
16024, 78, 140
16025, 78, 140
16026, 78, 140
16027, 78, 140
16028, 78, 140
16029, 78, 140
16030, 78, 140
16031, 78, 140
16032, 78, 140
16033, 78, 140
16034, 78, 140
16035, 78, 140
16036, 78, 140
16037, 78, 140
16038, 78, 140
16039, 78, 140
16040, 78, 140
16041, 78, 140
16042, 78, 140
16043, 78, 140
16044, 78, 140
16045, 78, 140
16046, 78, 140
16047, 78, 140
16048, 78, 140
16049, 78, 140
16050, 78, 140
16051, 78, 140
16052, 78, 140
16053, 78, 140
16054, 78, 140
16055, 78, 140
16056, 78, 140
16057, 78, 140
16058, 78, 140
16059, 78, 140
16060, 78, 140
16061, 78, 140
16062, 78, 140
16063, 78, 140
16064, 78, 140
16065, 78, 140
16066, 78, 140
16067, 78, 140
16068, 78, 140
16069, 78, 140
16070, 78, 140
16071, 78, 140
16072, 78, 140
16073, 78, 140
16074, 78, 140
16075, 78, 140
16076, 78, 140
16077, 78, 140
16078, 78, 140
16079, 78, 140
16080, 78, 140
16081, 78, 140
16082, 78, 140
16083, 78, 140
16084, 78, 140
16085, 78, 140
16086, 78, 140
16087, 78, 140
16088, 78, 140
16089, 78, 140
16090, 78, 140
16091, 78, 140
16092, 78, 140
16093, 78, 140
16094, 78, 140
16095, 78, 140
16096, 78, 140
16097, 78, 140
16098, 78, 140
16099, 78, 140
16100, 78, 140
16101, 78, 140
16102, 78, 140
16103, 78, 140
16104, 78, 140
16105, 78, 140
16106, 78, 140
16107, 78, 140
16108, 78, 140
16109, 78, 140
16110, 78, 140
16111, 78, 140
16112, 78, 140
16113, 78, 140
16114, 78, 140
16115, 78, 140
16116, 78, 140
16117, 78, 140
16118, 78, 140
16119, 78, 140
16120, 78, 140
16121, 78, 140
16122, 78, 140
16123, 78, 140
16124, 78, 140
16125, 78, 140
16126, 78, 140
16127, 78, 140
16128, 78, 140
16129, 78, 140
16130, 78, 140
16131, 78, 140
16132, 78, 140
16133, 78, 140
16134, 78, 140
16135, 78, 140
16136, 78, 140
16137, 78, 140
16138, 78, 140
16139, 78, 140
16140, 78, 140
16141, 78, 140
16142, 78, 140
16143, 78, 140
16144, 78, 140
16145, 78, 140
16146, 78, 140
16147, 78, 140
16148, 78, 140
16149, 78, 140
16150, 78, 140
16151, 78, 140
16152, 78, 140
16153, 78, 140
16154, 78, 140
16155, 78, 140
16156, 78, 140
16157, 78, 140
16158, 78, 140
16159, 78, 140
16160, 78, 140
16161, 78, 140
16162, 78, 140
16163, 78, 140
16164, 78, 140
16165, 78, 140
16166, 78, 140
16167, 78, 140
16168, 78, 140
16169, 78, 140
16170, 78, 140
16171, 78, 140
16172, 78, 140
16173, 78, 140
16174, 78, 140
16175, 78, 140
16176, 78, 140
16177, 78, 140
16178, 78, 140
16179, 78, 140
16180, 78, 140
16181, 78, 140
16182, 78, 140
16183, 78, 140
16184, 78, 140
16185, 78, 140
16186, 78, 140
16187, 78, 140
16188, 78, 140
16189, 78, 140
16190, 78, 140
16191, 78, 140
16192, 78, 140
16193, 78, 140
16194, 78, 140
16195, 78, 140
16196, 78, 140
16197, 78, 140
16198, 78, 140
16199, 78, 140
16200, 78, 140
16201, 78, 140
16202, 78, 140
16203, 78, 140
16204, 78, 140
16205, 78, 140
16206, 78, 140
16207, 78, 140
16208, 78, 140
16209, 78, 140
16210, 78, 140
16211, 78, 140
16212, 78, 140
16213, 78, 140
16214, 78, 140
16215, 78, 140
16216, 78, 140
16217, 78, 140
16218, 78, 140
16219, 78, 140
16220, 78, 140
16221, 78, 140
16222, 78, 140
16223, 78, 140
16224, 78, 140
16225, 78, 140
16226, 78, 140
16227, 78, 140
16228, 78, 140
16229, 78, 140
16230, 78, 140
16231, 78, 140
16232, 78, 140
16233, 78, 140
16234, 78, 140
16235, 78, 140
16236, 78, 140
16237, 78, 140
16238, 78, 140
16239, 78, 140
16240, 78, 140
16241, 78, 140
16242, 78, 140
16243, 78, 140
16244, 78, 140
16245, 78, 140
16246, 78, 140
16247, 78, 140
16248, 78, 140
16249, 78, 140
16250, 78, 140
16251, 78, 140
16252, 78, 140
16253, 78, 140
16254, 78, 140
16255, 78, 140
16256, 78, 140
16257, 78, 140
16258, 78, 140
16259, 78, 140
16260, 78, 140
16261, 78, 140
16262, 78, 140
16263, 78, 140
16264, 78, 140
16265, 78, 140
16266, 78, 140
16267, 78, 140
16268, 78, 140
16269, 78, 140
16270, 78, 140
16271, 78, 140
16272, 78, 140
16273, 78, 140
16274, 78, 140
16275, 78, 140
16276, 78, 140
16277, 78, 140
16278, 78, 140
16279, 78, 140
16280, 78, 140
16281, 78, 140
16282, 78, 140
16283, 78, 140
16284, 78, 140
16285, 78, 140
16286, 78, 140
16287, 78, 140
16288, 78, 140
16289, 78, 140
16290, 78, 140
16291, 78, 140
16292, 78, 140
16293, 78, 140
16294, 78, 140
16295, 78, 140
16296, 78, 140
16297, 78, 140
16298, 78, 140
16299, 78, 140
16300, 78, 140
16301, 78, 140
16302, 78, 140
16303, 78, 140
16304, 78, 140
16305, 78, 140
16306, 78, 140
16307, 78, 140
16308, 78, 140
16309, 78, 140
16310, 78, 140
16311, 78, 140
16312, 78, 140
16313, 78, 140
16314, 78, 140
16315, 78, 140
16316, 78, 140
16317, 78, 140
16318, 78, 140
16319, 78, 140
16320, 78, 140
16321, 78, 140
16322, 78, 140
16323, 78, 140
16324, 78, 140
16325, 78, 140
16326, 78, 140
16327, 78, 140
16328, 78, 140
16329, 78, 140
16330, 78, 140
16331, 78, 140
16332, 78, 140
16333, 78, 140
16334, 78, 140
16335, 78, 140
16336, 78, 140
16337, 78, 140
16338, 78, 140
16339, 78, 140
16340, 78, 140
16341, 78, 140
16342, 78, 140
16343, 78, 140
16344, 78, 140
16345, 78, 140
16346, 78, 140
16347, 78, 140
16348, 78, 140
16349, 78, 140
16350, 78, 140
16351, 78, 140
16352, 78, 140
16353, 78, 140
16354, 78, 140
16355, 78, 140
16356, 78, 140
16357, 78, 140
16358, 78, 140
16359, 78, 140
16360, 78, 140
16361, 78, 140
16362, 78, 140
16363, 78, 140
16364, 78, 140
16365, 78, 140
16366, 78, 140
16367, 78, 140
16368, 78, 140
16369, 78, 140
16370, 78, 140
16371, 78, 140
16372, 78, 140
16373, 78, 140
16374, 78, 140
16375, 78, 140
16376, 78, 140
16377, 78, 140
16378, 78, 140
16379, 78, 140
16380, 78, 140
16381, 78, 140
16382, 78, 140
16383, 78, 140
16384, 78, 140
16385, 78, 140
16386, 78, 140
16387, 78, 140
16388, 78, 140
16389, 78, 140
16390, 78, 140
16391, 78, 140
16392, 78, 140
16393, 78, 140
16394, 78, 140
16395, 78, 140
16396, 78, 140
16397, 78, 140
16398, 78, 140
16399, 78, 140
16400, 78, 140
16401, 78, 140
16402, 78, 140
16403, 78, 140
16404, 78, 140
16405, 78, 140
16406, 78, 140
16407, 78, 140
16408, 78, 140
16409, 78, 140
16410, 78, 140
16411, 78, 140
16412, 78, 140
16413, 78, 140
16414, 78, 140
16415, 78, 140
16416, 78, 140
16417, 78, 140
16418, 78, 140
16419, 78, 140
16420, 78, 140
16421, 78, 140
16422, 78, 140
16423, 78, 140
16424, 78, 140
16425, 78, 140
16426, 78, 140
16427, 78, 140
16428, 78, 140
16429, 78, 140
16430, 78, 140
16431, 78, 140
16432, 78, 140
16433, 78, 140
16434, 78, 140
16435, 78, 140
16436, 78, 140
16437, 78, 140
16438, 78, 140
16439, 78, 140
16440, 78, 140
16441, 78, 140
16442, 78, 140
16443, 78, 140
16444, 78, 140
16445, 78, 140
16446, 78, 140
16447, 78, 140
16448, 78, 140
16449, 78, 140
16450, 78, 140
16451, 78, 140
16452, 78, 140
16453, 78, 140
16454, 78, 140
16455, 78, 140
16456, 78, 140
16457, 78, 140
16458, 78, 140
16459, 78, 140
16460, 78, 140
16461, 78, 140
16462, 78, 140
16463, 78, 140
16464, 78, 140
16465, 78, 140
16466, 78, 140
16467, 78, 140
16468, 78, 140
16469, 78, 140
16470, 78, 140
16471, 78, 140
16472, 78, 140
16473, 78, 140
16474, 78, 140
16475, 78, 140
16476, 78, 140
16477, 78, 140
16478, 78, 140
16479, 78, 140
16480, 78, 140
16481, 78, 140
16482, 78, 140
16483, 78, 140
16484, 78, 140
16485, 78, 140
16486, 78, 140
16487, 78, 140
16488, 78, 140
16489, 78, 140
16490, 78, 140
16491, 78, 140
16492, 78, 140
16493, 78, 140
16494, 78, 140
16495, 78, 140
16496, 78, 140
16497, 78, 140
16498, 78, 140
16499, 78, 140
16500, 78, 140
16501, 78, 140
16502, 78, 140
16503, 78, 140
16504, 78, 140
16505, 78, 140
16506, 78, 140
16507, 78, 140
16508, 78, 140
16509, 78, 140
16510, 78, 140
16511, 78, 140
16512, 78, 140
16513, 78, 140
16514, 78, 140
16515, 78, 140
16516, 78, 140
16517, 78, 140
16518, 78, 140
16519, 78, 140
16520, 78, 140
16521, 78, 140
16522, 78, 140
16523, 78, 140
16524, 78, 140
16525, 78, 140
16526, 78, 140
16527, 78, 140
16528, 78, 140
16529, 78, 140
16530, 78, 140
16531, 78, 140
16532, 78, 140
16533, 78, 140
16534, 78, 140
16535, 78, 140
16536, 78, 140
16537, 78, 140
16538, 78, 140
16539, 78, 140
16540, 78, 140
16541, 78, 140
16542, 78, 140
16543, 78, 140
16544, 78, 140
16545, 78, 140
16546, 78, 140
16547, 78, 140
16548, 78, 140
16549, 78, 140
16550, 78, 140
16551, 78, 140
16552, 78, 140
16553, 78, 140
16554, 78, 140
16555, 78, 140
16556, 78, 140
16557, 78, 140
16558, 78, 140
16559, 78, 140
16560, 78, 140
16561, 78, 140
16562, 78, 140
16563, 78, 140
16564, 78, 140
16565, 78, 140
16566, 78, 140
16567, 78, 140
16568, 78, 140
16569, 78, 140
16570, 78, 140
16571, 78, 140
16572, 78, 140
16573, 78, 140
16574, 78, 140
16575, 78, 140
16576, 78, 140
16577, 78, 140
16578, 78, 140
16579, 78, 140
16580, 78, 140
16581, 78, 140
16582, 78, 140
16583, 78, 140
16584, 78, 140
16585, 78, 140
16586, 78, 140
16587, 78, 140
16588, 78, 140
16589, 78, 140
16590, 78, 140
16591, 78, 140
16592, 78, 140
16593, 78, 140
16594, 78, 140
16595, 78, 140
16596, 78, 140
16597, 78, 140
16598, 78, 140
16599, 78, 140
16600, 78, 140
16601, 78, 140
16602, 78, 140
16603, 78, 140
16604, 78, 140
16605, 78, 140
16606, 78, 140
16607, 78, 140
16608, 78, 140
16609, 78, 140
16610, 78, 140
16611, 78, 140
16612, 78, 140
16613, 78, 140
16614, 78, 140
16615, 78, 140
16616, 78, 140
16617, 78, 140
16618, 78, 140
16619, 78, 140
16620, 78, 140
16621, 78, 140
16622, 78, 140
16623, 78, 140
16624, 78, 140
16625, 78, 140
16626, 78, 140
16627, 78, 140
16628, 78, 140
16629, 78, 140
16630, 78, 140
16631, 78, 140
16632, 78, 140
16633, 78, 140
16634, 78, 140
16635, 78, 140
16636, 78, 140
16637, 78, 140
16638, 78, 140
16639, 78, 140
16640, 78, 140
16641, 78, 140
16642, 78, 140
16643, 78, 140
16644, 78, 140
16645, 78, 140
16646, 78, 140
16647, 78, 140
16648, 78, 140
16649, 78, 140
16650, 78, 140
16651, 78, 140
16652, 78, 140
16653, 78, 140
16654, 78, 140
16655, 78, 140
16656, 78, 140
16657, 78, 140
16658, 78, 140
16659, 78, 140
16660, 78, 140
16661, 78, 140
16662, 78, 140
16663, 78, 140
16664, 78, 140
16665, 78, 140
16666, 78, 140
16667, 78, 140
16668, 78, 140
16669, 78, 140
16670, 78, 140
16671, 78, 140
16672, 78, 140
16673, 78, 140
16674, 78, 140
16675, 78, 140
16676, 78, 140
16677, 78, 140
16678, 78, 140
16679, 78, 140
16680, 78, 140
16681, 78, 140
16682, 78, 140
16683, 78, 140
16684, 78, 140
16685, 78, 140
16686, 78, 140
16687, 78, 140
16688, 78, 140
16689, 78, 140
16690, 78, 140
16691, 78, 140
16692, 78, 140
16693, 78, 140
16694, 78, 140
16695, 78, 140
16696, 78, 140
16697, 78, 140
16698, 78, 140
16699, 78, 140
16700, 78, 140
16701, 78, 140
16702, 78, 140
16703, 78, 140
16704, 78, 140
16705, 78, 140
16706, 78, 140
16707, 78, 140
16708, 78, 140
16709, 78, 140
16710, 78, 140
16711, 78, 140
16712, 78, 140
16713, 78, 140
16714, 78, 140
16715, 78, 140
16716, 78, 140
16717, 78, 140
16718, 78, 140
16719, 78, 140
16720, 78, 140
16721, 78, 140
16722, 78, 140
16723, 78, 140
16724, 78, 140
16725, 78, 140
16726, 78, 140
16727, 78, 140
16728, 78, 140
16729, 78, 140
16730, 78, 140
16731, 78, 140
16732, 78, 140
16733, 78, 140
16734, 78, 140
16735, 78, 140
16736, 78, 140
16737, 78, 140
16738, 78, 140
16739, 78, 140
16740, 78, 140
16741, 78, 140
16742, 78, 140
16743, 78, 140
16744, 78, 140
16745, 78, 140
16746, 78, 140
16747, 78, 140
16748, 78, 140
16749, 78, 140
16750, 78, 140
16751, 78, 140
16752, 78, 140
16753, 78, 140
16754, 78, 140
16755, 78, 140
16756, 78, 140
16757, 78, 140
16758, 78, 140
16759, 78, 140
16760, 78, 140
16761, 78, 140
16762, 78, 140
16763, 78, 140
16764, 78, 140
16765, 78, 140
16766, 78, 140
16767, 78, 140
16768, 78, 140
16769, 78, 140
16770, 78, 140
16771, 78, 140
16772, 78, 140
16773, 78, 140
16774, 78, 140
16775, 78, 140
16776, 78, 140
16777, 78, 140
16778, 78, 140
16779, 78, 140
16780, 78, 140
16781, 78, 140
16782, 78, 140
16783, 78, 140
16784, 78, 140
16785, 78, 140
16786, 78, 140
16787, 78, 140
16788, 78, 140
16789, 78, 140
16790, 78, 140
16791, 78, 140
16792, 78, 140
16793, 78, 140
16794, 78, 140
16795, 78, 140
16796, 78, 140
16797, 78, 140
16798, 78, 140
16799, 78, 140
16800, 78, 140
16801, 78, 140
16802, 78, 140
16803, 78, 140
16804, 78, 140
16805, 78, 140
16806, 78, 140
16807, 78, 140
16808, 78, 140
16809, 78, 140
16810, 78, 140
16811, 78, 140
16812, 78, 140
16813, 78, 140
16814, 78, 140
16815, 78, 140
16816, 78, 140
16817, 78, 140
16818, 78, 140
16819, 78, 140
16820, 78, 140
16821, 78, 140
16822, 78, 140
16823, 78, 140
16824, 78, 140
16825, 78, 140
16826, 78, 140
16827, 78, 140
16828, 78, 140
16829, 78, 140
16830, 78, 140
16831, 78, 140
16832, 78, 140
16833, 78, 140
16834, 78, 140
16835, 78, 140
16836, 78, 140
16837, 78, 140
16838, 78, 140
16839, 78, 140
16840, 78, 140
16841, 78, 140
16842, 78, 140
16843, 78, 140
16844, 78, 140
16845, 78, 140
16846, 78, 140
16847, 78, 140
16848, 78, 140
16849, 78, 140
16850, 78, 140
16851, 78, 140
16852, 78, 140
16853, 78, 140
16854, 78, 140
16855, 78, 140
16856, 78, 140
16857, 78, 140
16858, 78, 140
16859, 78, 140
16860, 78, 140
16861, 78, 140
16862, 78, 140
16863, 78, 140
16864, 78, 140
16865, 78, 140
16866, 78, 140
16867, 78, 140
16868, 78, 140
16869, 78, 140
16870, 78, 140
16871, 78, 140
16872, 78, 140
16873, 78, 140
16874, 78, 140
16875, 78, 140
16876, 78, 140
16877, 78, 140
16878, 78, 140
16879, 78, 140
16880, 78, 140
16881, 78, 140
16882, 78, 140
16883, 78, 140
16884, 78, 140
16885, 78, 140
16886, 78, 140
16887, 78, 140
16888, 78, 140
16889, 78, 140
16890, 78, 140
16891, 78, 140
16892, 78, 140
16893, 78, 140
16894, 78, 140
16895, 78, 140
16896, 78, 140
16897, 78, 140
16898, 78, 140
16899, 78, 140
16900, 78, 140
16901, 78, 140
16902, 78, 140
16903, 78, 140
16904, 78, 140
16905, 78, 140
16906, 78, 140
16907, 78, 140
16908, 78, 140
16909, 78, 140
16910, 78, 140
16911, 78, 140
16912, 78, 140
16913, 78, 140
16914, 78, 140
16915, 78, 140
16916, 78, 140
16917, 78, 140
16918, 78, 140
16919, 78, 140
16920, 78, 140
16921, 78, 140
16922, 78, 140
16923, 78, 140
16924, 78, 140
16925, 78, 140
16926, 78, 140
16927, 78, 140
16928, 78, 140
16929, 78, 140
16930, 78, 140
16931, 78, 140
16932, 78, 140
16933, 78, 140
16934, 78, 140
16935, 78, 140
16936, 78, 140
16937, 78, 140
16938, 78, 140
16939, 78, 140
16940, 78, 140
16941, 78, 140
16942, 78, 140
16943, 78, 140
16944, 78, 140
16945, 78, 140
16946, 78, 140
16947, 78, 140
16948, 78, 140
16949, 78, 140
16950, 78, 140
16951, 78, 140
16952, 78, 140
16953, 78, 140
16954, 78, 140
16955, 78, 140
16956, 78, 140
16957, 78, 140
16958, 78, 140
16959, 78, 140
16960, 78, 140
16961, 78, 140
16962, 78, 140
16963, 78, 140
16964, 78, 140
16965, 78, 140
16966, 78, 140
16967, 78, 140
16968, 78, 140
16969, 78, 140
16970, 78, 140
16971, 78, 140
16972, 78, 140
16973, 78, 140
16974, 78, 140
16975, 78, 140
16976, 78, 140
16977, 78, 140
16978, 78, 140
16979, 78, 140
16980, 78, 140
16981, 78, 140
16982, 78, 140
16983, 78, 140
16984, 78, 140
16985, 78, 140
16986, 78, 140
16987, 78, 140
16988, 78, 140
16989, 78, 140
16990, 78, 140
16991, 78, 140
16992, 78, 140
16993, 78, 140
16994, 78, 140
16995, 78, 140
16996, 78, 140
16997, 78, 140
16998, 78, 140
16999, 78, 140
17000, 78, 140
17001, 78, 140
17002, 78, 140
17003, 78, 140
17004, 78, 140
17005, 78, 140
17006, 78, 140
17007, 78, 140
17008, 78, 140
17009, 78, 140
17010, 78, 140
17011, 78, 140
17012, 78, 140
17013, 78, 140
17014, 78, 140
17015, 78, 140
17016, 78, 140
17017, 78, 140
17018, 78, 140
17019, 78, 140
17020, 78, 140
17021, 78, 140
17022, 78, 140
17023, 78, 140
17024, 78, 140
17025, 78, 140
17026, 78, 140
17027, 78, 140
17028, 78, 140
17029, 78, 140
17030, 78, 140
17031, 78, 140
17032, 78, 140
17033, 78, 140
17034, 78, 140
17035, 78, 140
17036, 78, 140
17037, 78, 140
17038, 78, 140
17039, 78, 140
17040, 78, 140
17041, 78, 140
17042, 78, 140
17043, 78, 140
17044, 78, 140
17045, 78, 140
17046, 78, 140
17047, 78, 140
17048, 78, 140
17049, 78, 140
17050, 78, 140
17051, 78, 140
17052, 78, 140
17053, 78, 140
17054, 78, 140
17055, 78, 140
17056, 78, 140
17057, 78, 140
17058, 78, 140
17059, 78, 140
17060, 78, 140
17061, 78, 140
17062, 78, 140
17063, 78, 140
17064, 78, 140
17065, 78, 140
17066, 78, 140
17067, 78, 140
17068, 78, 140
17069, 78, 140
17070, 78, 140
17071, 78, 140
17072, 78, 140
17073, 78, 140
17074, 78, 140
17075, 78, 140
17076, 78, 140
17077, 78, 140
17078, 78, 140
17079, 78, 140
17080, 78, 140
17081, 78, 140
17082, 78, 140
17083, 78, 140
17084, 78, 140
17085, 78, 140
17086, 78, 140
17087, 78, 140
17088, 78, 140
17089, 78, 140
17090, 78, 140
17091, 78, 140
17092, 78, 140
17093, 78, 140
17094, 78, 140
17095, 78, 140
17096, 78, 140
17097, 78, 140
17098, 78, 140
17099, 78, 140
17100, 78, 140
17101, 78, 140
17102, 78, 140
17103, 78, 140
17104, 78, 140
17105, 78, 140
17106, 78, 140
17107, 78, 140
17108, 78, 140
17109, 78, 140
17110, 78, 140
17111, 78, 140
17112, 78, 140
17113, 78, 140
17114, 78, 140
17115, 78, 140
17116, 78, 140
17117, 78, 140
17118, 78, 140
17119, 78, 140
17120, 78, 140
17121, 78, 140
17122, 78, 140
17123, 78, 140
17124, 78, 140
17125, 78, 140
17126, 78, 140
17127, 78, 140
17128, 78, 140
17129, 78, 140
17130, 78, 140
17131, 78, 140
17132, 78, 140
17133, 78, 140
17134, 78, 140
17135, 78, 140
17136, 78, 140
17137, 78, 140
17138, 78, 140
17139, 78, 140
17140, 78, 140
17141, 78, 140
17142, 78, 140
17143, 78, 140
17144, 78, 140
17145, 78, 140
17146, 78, 140
17147, 78, 140
17148, 78, 140
17149, 78, 140
17150, 78, 140
17151, 78, 140
17152, 78, 140
17153, 78, 140
17154, 78, 140
17155, 78, 140
17156, 78, 140
17157, 78, 140
17158, 78, 140
17159, 78, 140
17160, 78, 140
17161, 78, 140
17162, 78, 140
17163, 78, 140
17164, 78, 140
17165, 78, 140
17166, 78, 140
17167, 78, 140
17168, 78, 140
17169, 78, 140
17170, 78, 140
17171, 78, 140
17172, 78, 140
17173, 78, 140
17174, 78, 140
17175, 78, 140
17176, 78, 140
17177, 78, 140
17178, 78, 140
17179, 78, 140
17180, 78, 140
17181, 78, 140
17182, 78, 140
17183, 78, 140
17184, 78, 140
17185, 78, 140
17186, 78, 140
17187, 78, 140
17188, 78, 140
17189, 78, 140
17190, 78, 140
17191, 78, 140
17192, 78, 140
17193, 78, 140
17194, 78, 140
17195, 78, 140
17196, 78, 140
17197, 78, 140
17198, 78, 140
17199, 78, 140
17200, 78, 140
17201, 78, 140
17202, 78, 140
17203, 78, 140
17204, 78, 140
17205, 78, 140
17206, 78, 140
17207, 78, 140
17208, 78, 140
17209, 78, 140
17210, 78, 140
17211, 78, 140
17212, 78, 140
17213, 78, 140
17214, 78, 140
17215, 78, 140
17216, 78, 140
17217, 78, 140
17218, 78, 140
17219, 78, 140
17220, 78, 140
17221, 78, 140
17222, 78, 140
17223, 78, 140
17224, 78, 140
17225, 78, 140
17226, 78, 140
17227, 78, 140
17228, 78, 140
17229, 78, 140
17230, 78, 140
17231, 78, 140
17232, 78, 140
17233, 78, 140
17234, 78, 140
17235, 78, 140
17236, 78, 140
17237, 78, 140
17238, 78, 140
17239, 78, 140
17240, 78, 140
17241, 78, 140
17242, 78, 140
17243, 78, 140
17244, 78, 140
17245, 78, 140
17246, 78, 140
17247, 78, 140
17248, 78, 140
17249, 78, 140
17250, 78, 140
17251, 78, 140
17252, 78, 140
17253, 78, 140
17254, 78, 140
17255, 78, 140
17256, 78, 140
17257, 78, 140
17258, 78, 140
17259, 78, 140
17260, 78, 140
17261, 78, 140
17262, 78, 140
17263, 78, 140
17264, 78, 140
17265, 78, 140
17266, 78, 140
17267, 78, 140
17268, 78, 140
17269, 78, 140
17270, 78, 140
17271, 78, 140
17272, 78, 140
17273, 78, 140
17274, 78, 140
17275, 78, 140
17276, 78, 140
17277, 78, 140
17278, 78, 140
17279, 78, 140
17280, 78, 140
17281, 78, 140
17282, 78, 140
17283, 78, 140
17284, 78, 140
17285, 78, 140
17286, 78, 140
17287, 78, 140
17288, 78, 140
17289, 78, 140
17290, 78, 140
17291, 78, 140
17292, 78, 140
17293, 78, 140
17294, 78, 140
17295, 78, 140
17296, 78, 140
17297, 78, 140
17298, 78, 140
17299, 78, 140
17300, 78, 140
17301, 78, 140
17302, 78, 140
17303, 78, 140
17304, 78, 140
17305, 78, 140
17306, 78, 140
17307, 78, 140
17308, 78, 140
17309, 78, 140
17310, 78, 140
17311, 78, 140
17312, 78, 140
17313, 78, 140
17314, 78, 140
17315, 78, 140
17316, 78, 140
17317, 78, 140
17318, 78, 140
17319, 78, 140
17320, 78, 140
17321, 78, 140
17322, 78, 140
17323, 78, 140
17324, 78, 140
17325, 78, 140
17326, 78, 140
17327, 78, 140
17328, 78, 140
17329, 78, 140
17330, 78, 140
17331, 78, 140
17332, 78, 140
17333, 78, 140
17334, 78, 140
17335, 78, 140
17336, 78, 140
17337, 78, 140
17338, 78, 140
17339, 78, 140
17340, 78, 140
17341, 78, 140
17342, 78, 140
17343, 78, 140
17344, 78, 140
17345, 78, 140
17346, 78, 140
17347, 78, 140
17348, 78, 140
17349, 78, 140
17350, 78, 140
17351, 78, 140
17352, 78, 140
17353, 78, 140
17354, 78, 140
17355, 78, 140
17356, 78, 140
17357, 78, 140
17358, 78, 140
17359, 78, 140
17360, 78, 140
17361, 78, 140
17362, 78, 140
17363, 78, 140
17364, 78, 140
17365, 78, 140
17366, 78, 140
17367, 78, 140
17368, 78, 140
17369, 78, 140
17370, 78, 140
17371, 78, 140
17372, 78, 140
17373, 78, 140
17374, 78, 140
17375, 78, 140
17376, 78, 140
17377, 78, 140
17378, 78, 140
17379, 78, 140
17380, 78, 140
17381, 78, 140
17382, 78, 140
17383, 78, 140
17384, 78, 140
17385, 78, 140
17386, 78, 140
17387, 78, 140
17388, 78, 140
17389, 78, 140
17390, 78, 140
17391, 78, 140
17392, 78, 140
17393, 78, 140
17394, 78, 140
17395, 78, 140
17396, 78, 140
17397, 78, 140
17398, 78, 140
17399, 78, 140
17400, 78, 140
17401, 78, 140
17402, 78, 140
17403, 78, 140
17404, 78, 140
17405, 78, 140
17406, 78, 140
17407, 78, 140
17408, 78, 140
17409, 78, 140
17410, 78, 140
17411, 78, 140
17412, 78, 140
17413, 78, 140
17414, 78, 140
17415, 78, 140
17416, 78, 140
17417, 78, 140
17418, 78, 140
17419, 78, 140
17420, 78, 140
17421, 78, 140
17422, 78, 140
17423, 78, 140
17424, 78, 140
17425, 78, 140
17426, 78, 140
17427, 78, 140
17428, 78, 140
17429, 78, 140
17430, 78, 140
17431, 78, 140
17432, 78, 140
17433, 78, 140
17434, 78, 140
17435, 78, 140
17436, 78, 140
17437, 78, 140
17438, 78, 140
17439, 78, 140
17440, 78, 140
17441, 78, 140
17442, 78, 140
17443, 78, 140
17444, 78, 140
17445, 78, 140
17446, 78, 140
17447, 78, 140
17448, 78, 140
17449, 78, 140
17450, 78, 140
17451, 78, 140
17452, 78, 140
17453, 78, 140
17454, 78, 140
17455, 78, 140
17456, 78, 140
17457, 78, 140
17458, 78, 140
17459, 78, 140
17460, 78, 140
17461, 78, 140
17462, 78, 140
17463, 78, 140
17464, 78, 140
17465, 78, 140
17466, 78, 140
17467, 78, 140
17468, 78, 140
17469, 78, 140
17470, 78, 140
17471, 78, 140
17472, 78, 140
17473, 78, 140
17474, 78, 140
17475, 78, 140
17476, 78, 140
17477, 78, 140
17478, 78, 140
17479, 78, 140
17480, 78, 140
17481, 78, 140
17482, 78, 140
17483, 78, 140
17484, 78, 140
17485, 78, 140
17486, 78, 140
17487, 78, 140
17488, 78, 140
17489, 78, 140
17490, 78, 140
17491, 78, 140
17492, 78, 140
17493, 78, 140
17494, 78, 140
17495, 78, 140
17496, 78, 140
17497, 78, 140
17498, 78, 140
17499, 78, 140
17500, 78, 140
17501, 78, 140
17502, 78, 140
17503, 78, 140
17504, 78, 140
17505, 78, 140
17506, 78, 140
17507, 78, 140
17508, 78, 140
17509, 78, 140
17510, 78, 140
17511, 78, 140
17512, 78, 140
17513, 78, 140
17514, 78, 140
17515, 78, 140
17516, 78, 140
17517, 78, 140
17518, 78, 140
17519, 78, 140
17520, 78, 140
17521, 78, 140
17522, 78, 140
17523, 78, 140
17524, 78, 140
17525, 78, 140
17526, 78, 140
17527, 78, 140
17528, 78, 140
17529, 78, 140
17530, 78, 140
17531, 78, 140
17532, 78, 140
17533, 78, 140
17534, 78, 140
17535, 78, 140
17536, 78, 140
17537, 78, 140
17538, 78, 140
17539, 78, 140
17540, 78, 140
17541, 78, 140
17542, 78, 140
17543, 78, 140
17544, 78, 140
17545, 78, 140
17546, 78, 140
17547, 78, 140
17548, 78, 140
17549, 78, 140
17550, 78, 140
17551, 78, 140
17552, 78, 140
17553, 78, 140
17554, 78, 140
17555, 78, 140
17556, 78, 140
17557, 78, 140
17558, 78, 140
17559, 78, 140
17560, 78, 140
17561, 78, 140
17562, 78, 140
17563, 78, 140
17564, 78, 140
17565, 78, 140
17566, 78, 140
17567, 78, 140
17568, 78, 140
17569, 78, 140
17570, 78, 140
17571, 78, 140
17572, 78, 140
17573, 78, 140
17574, 78, 140
17575, 78, 140
17576, 78, 140
17577, 78, 140
17578, 78, 140
17579, 78, 140
17580, 78, 140
17581, 78, 140
17582, 78, 140
17583, 78, 140
17584, 78, 140
17585, 78, 140
17586, 78, 140
17587, 78, 140
17588, 78, 140
17589, 78, 140
17590, 78, 140
17591, 78, 140
17592, 78, 140
17593, 78, 140
17594, 78, 140
17595, 78, 140
17596, 78, 140
17597, 78, 140
17598, 78, 140
17599, 78, 140
17600, 78, 140
17601, 78, 140
17602, 78, 140
17603, 78, 140
17604, 78, 140
17605, 78, 140
17606, 78, 140
17607, 78, 140
17608, 78, 140
17609, 78, 140
17610, 78, 140
17611, 78, 140
17612, 78, 140
17613, 78, 140
17614, 78, 140
17615, 78, 140
17616, 78, 140
17617, 78, 140
17618, 78, 140
17619, 78, 140
17620, 78, 140
17621, 78, 140
17622, 78, 140
17623, 78, 140
17624, 78, 140
17625, 78, 140
17626, 78, 140
17627, 78, 140
17628, 78, 140
17629, 78, 140
17630, 78, 140
17631, 78, 140
17632, 78, 140
17633, 78, 140
17634, 78, 140
17635, 78, 140
17636, 78, 140
17637, 78, 140
17638, 78, 140
17639, 78, 140
17640, 78, 140
17641, 78, 140
17642, 78, 140
17643, 78, 140
17644, 78, 140
17645, 78, 140
17646, 78, 140
17647, 78, 140
17648, 78, 140
17649, 78, 140
17650, 78, 140
17651, 78, 140
17652, 78, 140
17653, 78, 140
17654, 78, 140
17655, 78, 140
17656, 78, 140
17657, 78, 140
17658, 78, 140
17659, 78, 140
17660, 78, 140
17661, 78, 140
17662, 78, 140
17663, 78, 140
17664, 78, 140
17665, 78, 140
17666, 78, 140
17667, 78, 140
17668, 78, 140
17669, 78, 140
17670, 78, 140
17671, 78, 140
17672, 78, 140
17673, 78, 140
17674, 78, 140
17675, 78, 140
17676, 78, 140
17677, 78, 140
17678, 78, 140
17679, 78, 140
17680, 78, 140
17681, 78, 140
17682, 78, 140
17683, 78, 140
17684, 78, 140
17685, 78, 140
17686, 78, 140
17687, 78, 140
17688, 78, 140
17689, 78, 140
17690, 78, 140
17691, 78, 140
17692, 78, 140
17693, 78, 140
17694, 78, 140
17695, 78, 140
17696, 78, 140
17697, 78, 140
17698, 78, 140
17699, 78, 140
17700, 78, 140
17701, 78, 140
17702, 78, 140
17703, 78, 140
17704, 78, 140
17705, 78, 140
17706, 78, 140
17707, 78, 140
17708, 78, 140
17709, 78, 140
17710, 78, 140
17711, 78, 140
17712, 78, 140
17713, 78, 140
17714, 78, 140
17715, 78, 140
17716, 78, 140
17717, 78, 140
17718, 78, 140
17719, 78, 140
17720, 78, 140
17721, 78, 140
17722, 78, 140
17723, 78, 140
17724, 78, 140
17725, 78, 140
17726, 78, 140
17727, 78, 140
17728, 78, 140
17729, 78, 140
17730, 78, 140
17731, 78, 140
17732, 78, 140
17733, 78, 140
17734, 78, 140
17735, 78, 140
17736, 78, 140
17737, 78, 140
17738, 78, 140
17739, 78, 140
17740, 78, 140
17741, 78, 140
17742, 78, 140
17743, 78, 140
17744, 78, 140
17745, 78, 140
17746, 78, 140
17747, 78, 140
17748, 78, 140
17749, 78, 140
17750, 78, 140
17751, 78, 140
17752, 78, 140
17753, 78, 140
17754, 78, 140
17755, 78, 140
17756, 78, 140
17757, 78, 140
17758, 78, 140
17759, 78, 140
17760, 78, 140
17761, 78, 140
17762, 78, 140
17763, 78, 140
17764, 78, 140
17765, 78, 140
17766, 78, 140
17767, 78, 140
17768, 78, 140
17769, 78, 140
17770, 78, 140
17771, 78, 140
17772, 78, 140
17773, 78, 140
17774, 78, 140
17775, 78, 140
17776, 78, 140
17777, 78, 140
17778, 78, 140
17779, 78, 140
17780, 78, 140
17781, 78, 140
17782, 78, 140
17783, 78, 140
17784, 78, 140
17785, 78, 140
17786, 78, 140
17787, 78, 140
17788, 78, 140
17789, 78, 140
17790, 78, 140
17791, 78, 140
17792, 78, 140
17793, 78, 140
17794, 78, 140
17795, 78, 140
17796, 78, 140
17797, 78, 140
17798, 78, 140
17799, 78, 140
17800, 78, 140
17801, 78, 140
17802, 78, 140
17803, 78, 140
17804, 78, 140
17805, 78, 140
17806, 78, 140
17807, 78, 140
17808, 78, 140
17809, 78, 140
17810, 78, 140
17811, 78, 140
17812, 78, 140
17813, 78, 140
17814, 78, 140
17815, 78, 140
17816, 78, 140
17817, 78, 140
17818, 78, 140
17819, 78, 140
17820, 78, 140
17821, 78, 140
17822, 78, 140
17823, 78, 140
17824, 78, 140
17825, 78, 140
17826, 78, 140
17827, 78, 140
17828, 78, 140
17829, 78, 140
17830, 78, 140
17831, 78, 140
17832, 78, 140
17833, 78, 140
17834, 78, 140
17835, 78, 140
17836, 78, 140
17837, 78, 140
17838, 78, 140
17839, 78, 140
17840, 78, 140
17841, 78, 140
17842, 78, 140
17843, 78, 140
17844, 78, 140
17845, 78, 140
17846, 78, 140
17847, 78, 140
17848, 78, 140
17849, 78, 140
17850, 78, 140
17851, 78, 140
17852, 78, 140
17853, 78, 140
17854, 78, 140
17855, 78, 140
17856, 78, 140
17857, 78, 140
17858, 78, 140
17859, 78, 140
17860, 78, 140
17861, 78, 140
17862, 78, 140
17863, 78, 140
17864, 78, 140
17865, 78, 140
17866, 78, 140
17867, 78, 140
17868, 78, 140
17869, 78, 140
17870, 78, 140
17871, 78, 140
17872, 78, 140
17873, 78, 140
17874, 78, 140
17875, 78, 140
17876, 78, 140
17877, 78, 140
17878, 78, 140
17879, 78, 140
17880, 78, 140
17881, 78, 140
17882, 78, 140
17883, 78, 140
17884, 78, 140
17885, 78, 140
17886, 78, 140
17887, 78, 140
17888, 78, 140
17889, 78, 140
17890, 78, 140
17891, 78, 140
17892, 78, 140
17893, 78, 140
17894, 78, 140
17895, 78, 140
17896, 78, 140
17897, 78, 140
17898, 78, 140
17899, 78, 140
17900, 78, 140
17901, 78, 140
17902, 78, 140
17903, 78, 140
17904, 78, 140
17905, 78, 140
17906, 78, 140
17907, 78, 140
17908, 78, 140
17909, 78, 140
17910, 78, 140
17911, 78, 140
17912, 78, 140
17913, 78, 140
17914, 78, 140
17915, 78, 140
17916, 78, 140
17917, 78, 140
17918, 78, 140
17919, 78, 140
17920, 78, 140
17921, 78, 140
17922, 78, 140
17923, 78, 140
17924, 78, 140
17925, 78, 140
17926, 78, 140
17927, 78, 140
17928, 78, 140
17929, 78, 140
17930, 78, 140
17931, 78, 140
17932, 78, 140
17933, 78, 140
17934, 78, 140
17935, 78, 140
17936, 78, 140
17937, 78, 140
17938, 78, 140
17939, 78, 140
17940, 78, 140
17941, 78, 140
17942, 78, 140
17943, 78, 140
17944, 78, 140
17945, 78, 140
17946, 78, 140
17947, 78, 140
17948, 78, 140
17949, 78, 140
17950, 78, 140
17951, 78, 140
17952, 78, 140
17953, 78, 140
17954, 78, 140
17955, 78, 140
17956, 78, 140
17957, 78, 140
17958, 78, 140
17959, 78, 140
17960, 78, 140
17961, 78, 140
17962, 78, 140
17963, 78, 140
17964, 78, 140
17965, 78, 140
17966, 78, 140
17967, 78, 140
17968, 78, 140
17969, 78, 140
17970, 78, 140
17971, 78, 140
17972, 78, 140
17973, 78, 140
17974, 78, 140
17975, 78, 140
17976, 78, 140
17977, 78, 140
17978, 78, 140
17979, 78, 140
17980, 78, 140
17981, 78, 140
17982, 78, 140
17983, 78, 140
17984, 78, 140
17985, 78, 140
17986, 78, 140
17987, 78, 140
17988, 78, 140
17989, 78, 140
17990, 78, 140
17991, 78, 140
17992, 78, 140
17993, 78, 140
17994, 78, 140
17995, 78, 140
17996, 78, 140
17997, 78, 140
17998, 78, 140
17999, 78, 140
18000, 78, 140
18001, 78, 140
18002, 78, 140
18003, 78, 140
18004, 78, 140
18005, 78, 140
18006, 78, 140
18007, 78, 140
18008, 78, 140
18009, 78, 140
18010, 78, 140
18011, 78, 140
18012, 78, 140
18013, 78, 140
18014, 78, 140
18015, 78, 140
18016, 78, 140
18017, 78, 140
18018, 78, 140
18019, 78, 140
18020, 78, 140
18021, 78, 140
18022, 78, 140
18023, 78, 140
18024, 78, 140
18025, 78, 140
18026, 78, 140
18027, 78, 140
18028, 78, 140
18029, 78, 140
18030, 78, 140
18031, 78, 140
18032, 78, 140
18033, 78, 140
18034, 78, 140
18035, 78, 140
18036, 78, 140
18037, 78, 140
18038, 78, 140
18039, 78, 140
18040, 78, 140
18041, 78, 140
18042, 78, 140
18043, 78, 140
18044, 78, 140
18045, 78, 140
18046, 78, 140
18047, 78, 140
18048, 78, 140
18049, 78, 140
18050, 78, 140
18051, 78, 140
18052, 78, 140
18053, 78, 140
18054, 78, 140
18055, 78, 140
18056, 78, 140
18057, 78, 140
18058, 78, 140
18059, 78, 140
18060, 78, 140
18061, 78, 140
18062, 78, 140
18063, 78, 140
18064, 78, 140
18065, 78, 140
18066, 78, 140
18067, 78, 140
18068, 78, 140
18069, 78, 140
18070, 78, 140
18071, 78, 140
18072, 78, 140
18073, 78, 140
18074, 78, 140
18075, 78, 140
18076, 78, 140
18077, 78, 140
18078, 78, 140
18079, 78, 140
18080, 78, 140
18081, 78, 140
18082, 78, 140
18083, 78, 140
18084, 78, 140
18085, 78, 140
18086, 78, 140
18087, 78, 140
18088, 78, 140
18089, 78, 140
18090, 78, 140
18091, 78, 140
18092, 78, 140
18093, 78, 140
18094, 78, 140
18095, 78, 140
18096, 78, 140
18097, 78, 140
18098, 78, 140
18099, 78, 140
18100, 78, 140
18101, 78, 140
18102, 78, 140
18103, 78, 140
18104, 78, 140
18105, 78, 140
18106, 78, 140
18107, 78, 140
18108, 78, 140
18109, 78, 140
18110, 78, 140
18111, 78, 140
18112, 78, 140
18113, 78, 140
18114, 78, 140
18115, 78, 140
18116, 78, 140
18117, 78, 140
18118, 78, 140
18119, 78, 140
18120, 78, 140
18121, 78, 140
18122, 78, 140
18123, 78, 140
18124, 78, 140
18125, 78, 140
18126, 78, 140
18127, 78, 140
18128, 78, 140
18129, 78, 140
18130, 78, 140
18131, 78, 140
18132, 78, 140
18133, 78, 140
18134, 78, 140
18135, 78, 140
18136, 78, 140
18137, 78, 140
18138, 78, 140
18139, 78, 140
18140, 78, 140
18141, 78, 140
18142, 78, 140
18143, 78, 140
18144, 78, 140
18145, 78, 140
18146, 78, 140
18147, 78, 140
18148, 78, 140
18149, 78, 140
18150, 78, 140
18151, 78, 140
18152, 78, 140
18153, 78, 140
18154, 78, 140
18155, 78, 140
18156, 78, 140
18157, 78, 140
18158, 78, 140
18159, 78, 140
18160, 78, 140
18161, 78, 140
18162, 78, 140
18163, 78, 140
18164, 78, 140
18165, 78, 140
18166, 78, 140
18167, 78, 140
18168, 78, 140
18169, 78, 140
18170, 78, 140
18171, 78, 140
18172, 78, 140
18173, 78, 140
18174, 78, 140
18175, 78, 140
18176, 78, 140
18177, 78, 140
18178, 78, 140
18179, 78, 140
18180, 78, 140
18181, 78, 140
18182, 78, 140
18183, 78, 140
18184, 78, 140
18185, 78, 140
18186, 78, 140
18187, 78, 140
18188, 78, 140
18189, 78, 140
18190, 78, 140
18191, 78, 140
18192, 78, 140
18193, 78, 140
18194, 78, 140
18195, 78, 140
18196, 78, 140
18197, 78, 140
18198, 78, 140
18199, 78, 140
18200, 78, 140
18201, 78, 140
18202, 78, 140
18203, 78, 140
18204, 78, 140
18205, 78, 140
18206, 78, 140
18207, 78, 140
18208, 78, 140
18209, 78, 140
18210, 78, 140
18211, 78, 140
18212, 78, 140
18213, 78, 140
18214, 78, 140
18215, 78, 140
18216, 78, 140
18217, 78, 140
18218, 78, 140
18219, 78, 140
18220, 78, 140
18221, 78, 140
18222, 78, 140
18223, 78, 140
18224, 78, 140
18225, 78, 140
18226, 78, 140
18227, 78, 140
18228, 78, 140
18229, 78, 140
18230, 78, 140
18231, 78, 140
18232, 78, 140
18233, 78, 140
18234, 78, 140
18235, 78, 140
18236, 78, 140
18237, 78, 140
18238, 78, 140
18239, 78, 140
18240, 78, 140
18241, 78, 140
18242, 78, 140
18243, 78, 140
18244, 78, 140
18245, 78, 140
18246, 78, 140
18247, 78, 140
18248, 78, 140
18249, 78, 140
18250, 78, 140
18251, 78, 140
18252, 78, 140
18253, 78, 140
18254, 78, 140
18255, 78, 140
18256, 78, 140
18257, 78, 140
18258, 78, 140
18259, 78, 140
18260, 78, 140
18261, 78, 140
18262, 78, 140
18263, 78, 140
18264, 78, 140
18265, 78, 140
18266, 78, 140
18267, 78, 140
18268, 78, 140
18269, 78, 140
18270, 78, 140
18271, 78, 140
18272, 78, 140
18273, 78, 140
18274, 78, 140
18275, 78, 140
18276, 78, 140
18277, 78, 140
18278, 78, 140
18279, 78, 140
18280, 78, 140
18281, 78, 140
18282, 78, 140
18283, 78, 140
18284, 78, 140
18285, 78, 140
18286, 78, 140
18287, 78, 140
18288, 78, 140
18289, 78, 140
18290, 78, 140
18291, 78, 140
18292, 78, 140
18293, 78, 140
18294, 78, 140
18295, 78, 140
18296, 78, 140
18297, 78, 140
18298, 78, 140
18299, 78, 140
18300, 78, 140
18301, 78, 140
18302, 78, 140
18303, 78, 140
18304, 78, 140
18305, 78, 140
18306, 78, 140
18307, 78, 140
18308, 78, 140
18309, 78, 140
18310, 78, 140
18311, 78, 140
18312, 78, 140
18313, 78, 140
18314, 78, 140
18315, 78, 140
18316, 78, 140
18317, 78, 140
18318, 78, 140
18319, 78, 140
18320, 78, 140
18321, 78, 140
18322, 78, 140
18323, 78, 140
18324, 78, 140
18325, 78, 140
18326, 78, 140
18327, 78, 140
18328, 78, 140
18329, 78, 140
18330, 78, 140
18331, 78, 140
18332, 78, 140
18333, 78, 140
18334, 78, 140
18335, 78, 140
18336, 78, 140
18337, 78, 140
18338, 78, 140
18339, 78, 140
18340, 78, 140
18341, 78, 140
18342, 78, 140
18343, 78, 140
18344, 78, 140
18345, 78, 140
18346, 78, 140
18347, 78, 140
18348, 78, 140
18349, 78, 140
18350, 78, 140
18351, 78, 140
18352, 78, 140
18353, 78, 140
18354, 78, 140
18355, 78, 140
18356, 78, 140
18357, 78, 140
18358, 78, 140
18359, 78, 140
18360, 78, 140
18361, 78, 140
18362, 78, 140
18363, 78, 140
18364, 78, 140
18365, 78, 140
18366, 78, 140
18367, 78, 140
18368, 78, 140
18369, 78, 140
18370, 78, 140
18371, 78, 140
18372, 78, 140
18373, 78, 140
18374, 78, 140
18375, 78, 140
18376, 78, 140
18377, 78, 140
18378, 78, 140
18379, 78, 140
18380, 78, 140
18381, 78, 140
18382, 78, 140
18383, 78, 140
18384, 78, 140
18385, 78, 140
18386, 78, 140
18387, 78, 140
18388, 78, 140
18389, 78, 140
18390, 78, 140
18391, 78, 140
18392, 78, 140
18393, 78, 140
18394, 78, 140
18395, 78, 140
18396, 78, 140
18397, 78, 140
18398, 78, 140
18399, 78, 140
18400, 78, 140
18401, 78, 140
18402, 78, 140
18403, 78, 140
18404, 78, 140
18405, 78, 140
18406, 78, 140
18407, 78, 140
18408, 78, 140
18409, 78, 140
18410, 78, 140
18411, 78, 140
18412, 78, 140
18413, 78, 140
18414, 78, 140
18415, 78, 140
18416, 78, 140
18417, 78, 140
18418, 78, 140
18419, 78, 140
18420, 78, 140
18421, 78, 140
18422, 78, 140
18423, 78, 140
18424, 78, 140
18425, 78, 140
18426, 78, 140
18427, 78, 140
18428, 78, 140
18429, 78, 140
18430, 78, 140
18431, 78, 140
18432, 78, 140
18433, 78, 140
18434, 78, 140
18435, 78, 140
18436, 78, 140
18437, 78, 140
18438, 78, 140
18439, 78, 140
18440, 78, 140
18441, 78, 140
18442, 78, 140
18443, 78, 140
18444, 78, 140
18445, 78, 140
18446, 78, 140
18447, 78, 140
18448, 78, 140
18449, 78, 140
18450, 78, 140
18451, 78, 140
18452, 78, 140
18453, 78, 140
18454, 78, 140
18455, 78, 140
18456, 78, 140
18457, 78, 140
18458, 78, 140
18459, 78, 140
18460, 78, 140
18461, 78, 140
18462, 78, 140
18463, 78, 140
18464, 78, 140
18465, 78, 140
18466, 78, 140
18467, 78, 140
18468, 78, 140
18469, 78, 140
18470, 78, 140
18471, 78, 140
18472, 78, 140
18473, 78, 140
18474, 78, 140
18475, 78, 140
18476, 78, 140
18477, 78, 140
18478, 78, 140
18479, 78, 140
18480, 78, 140
18481, 78, 140
18482, 78, 140
18483, 78, 140
18484, 78, 140
18485, 78, 140
18486, 78, 140
18487, 78, 140
18488, 78, 140
18489, 78, 140
18490, 78, 140
18491, 78, 140
18492, 78, 140
18493, 78, 140
18494, 78, 140
18495, 78, 140
18496, 78, 140
18497, 78, 140
18498, 78, 140
18499, 78, 140
18500, 78, 140
18501, 78, 140
18502, 78, 140
18503, 78, 140
18504, 78, 140
18505, 78, 140
18506, 78, 140
18507, 78, 140
18508, 78, 140
18509, 78, 140
18510, 78, 140
18511, 78, 140
18512, 78, 140
18513, 78, 140
18514, 78, 140
18515, 78, 140
18516, 78, 140
18517, 78, 140
18518, 78, 140
18519, 78, 140
18520, 78, 140
18521, 78, 140
18522, 78, 140
18523, 78, 140
18524, 78, 140
18525, 78, 140
18526, 78, 140
18527, 78, 140
18528, 78, 140
18529, 78, 140
18530, 78, 140
18531, 78, 140
18532, 78, 140
18533, 78, 140
18534, 78, 140
18535, 78, 140
18536, 78, 140
18537, 78, 140
18538, 78, 140
18539, 78, 140
18540, 78, 140
18541, 78, 140
18542, 78, 140
18543, 78, 140
18544, 78, 140
18545, 78, 140
18546, 78, 140
18547, 78, 140
18548, 78, 140
18549, 78, 140
18550, 78, 140
18551, 78, 140
18552, 78, 140
18553, 78, 140
18554, 78, 140
18555, 78, 140
18556, 78, 140
18557, 78, 140
18558, 78, 140
18559, 78, 140
18560, 78, 140
18561, 78, 140
18562, 78, 140
18563, 78, 140
18564, 78, 140
18565, 78, 140
18566, 78, 140
18567, 78, 140
18568, 78, 140
18569, 78, 140
18570, 78, 140
18571, 78, 140
18572, 78, 140
18573, 78, 140
18574, 78, 140
18575, 78, 140
18576, 78, 140
18577, 78, 140
18578, 78, 140
18579, 78, 140
18580, 78, 140
18581, 78, 140
18582, 78, 140
18583, 78, 140
18584, 78, 140
18585, 78, 140
18586, 78, 140
18587, 78, 140
18588, 78, 140
18589, 78, 140
18590, 78, 140
18591, 78, 140
18592, 78, 140
18593, 78, 140
18594, 78, 140
18595, 78, 140
18596, 78, 140
18597, 78, 140
18598, 78, 140
18599, 78, 140
18600, 78, 140
18601, 78, 140
18602, 78, 140
18603, 78, 140
18604, 78, 140
18605, 78, 140
18606, 78, 140
18607, 78, 140
18608, 78, 140
18609, 78, 140
18610, 78, 140
18611, 78, 140
18612, 78, 140
18613, 78, 140
18614, 78, 140
18615, 78, 140
18616, 78, 140
18617, 78, 140
18618, 78, 140
18619, 78, 140
18620, 78, 140
18621, 78, 140
18622, 78, 140
18623, 78, 140
18624, 78, 140
18625, 78, 140
18626, 78, 140
18627, 78, 140
18628, 78, 140
18629, 78, 140
18630, 78, 140
18631, 78, 140
18632, 78, 140
18633, 78, 140
18634, 78, 140
18635, 78, 140
18636, 78, 140
18637, 78, 140
18638, 78, 140
18639, 78, 140
18640, 78, 140
18641, 78, 140
18642, 78, 140
18643, 78, 140
18644, 78, 140
18645, 78, 140
18646, 78, 140
18647, 78, 140
18648, 78, 140
18649, 78, 140
18650, 78, 140
18651, 78, 140
18652, 78, 140
18653, 78, 140
18654, 78, 140
18655, 78, 140
18656, 78, 140
18657, 78, 140
18658, 78, 140
18659, 78, 140
18660, 78, 140
18661, 78, 140
18662, 78, 140
18663, 78, 140
18664, 78, 140
18665, 78, 140
18666, 78, 140
18667, 78, 140
18668, 78, 140
18669, 78, 140
18670, 78, 140
18671, 78, 140
18672, 78, 140
18673, 78, 140
18674, 78, 140
18675, 78, 140
18676, 78, 140
18677, 78, 140
18678, 78, 140
18679, 78, 140
18680, 78, 140
18681, 78, 140
18682, 78, 140
18683, 78, 140
18684, 78, 140
18685, 78, 140
18686, 78, 140
18687, 78, 140
18688, 78, 140
18689, 78, 140
18690, 78, 140
18691, 78, 140
18692, 78, 140
18693, 78, 140
18694, 78, 140
18695, 78, 140
18696, 78, 140
18697, 78, 140
18698, 78, 140
18699, 78, 140
18700, 78, 140
18701, 78, 140
18702, 78, 140
18703, 78, 140
18704, 78, 140
18705, 78, 140
18706, 78, 140
18707, 78, 140
18708, 78, 140
18709, 78, 140
18710, 78, 140
18711, 78, 140
18712, 78, 140
18713, 78, 140
18714, 78, 140
18715, 78, 140
18716, 78, 140
18717, 78, 140
18718, 78, 140
18719, 78, 140
18720, 78, 140
18721, 78, 140
18722, 78, 140
18723, 78, 140
18724, 78, 140
18725, 78, 140
18726, 78, 140
18727, 78, 140
18728, 78, 140
18729, 78, 140
18730, 78, 140
18731, 78, 140
18732, 78, 140
18733, 78, 140
18734, 78, 140
18735, 78, 140
18736, 78, 140
18737, 78, 140
18738, 78, 140
18739, 78, 140
18740, 78, 140
18741, 78, 140
18742, 78, 140
18743, 78, 140
18744, 78, 140
18745, 78, 140
18746, 78, 140
18747, 78, 140
18748, 78, 140
18749, 78, 140
18750, 78, 140
18751, 78, 140
18752, 78, 140
18753, 78, 140
18754, 78, 140
18755, 78, 140
18756, 78, 140
18757, 78, 140
18758, 78, 140
18759, 78, 140
18760, 78, 140
18761, 78, 140
18762, 78, 140
18763, 78, 140
18764, 78, 140
18765, 78, 140
18766, 78, 140
18767, 78, 140
18768, 78, 140
18769, 78, 140
18770, 78, 140
18771, 78, 140
18772, 78, 140
18773, 78, 140
18774, 78, 140
18775, 78, 140
18776, 78, 140
18777, 78, 140
18778, 78, 140
18779, 78, 140
18780, 78, 140
18781, 78, 140
18782, 78, 140
18783, 78, 140
18784, 78, 140
18785, 78, 140
18786, 78, 140
18787, 78, 140
18788, 78, 140
18789, 78, 140
18790, 78, 140
18791, 78, 140
18792, 78, 140
18793, 78, 140
18794, 78, 140
18795, 78, 140
18796, 78, 140
18797, 78, 140
18798, 78, 140
18799, 78, 140
18800, 78, 140
18801, 78, 140
18802, 78, 140
18803, 78, 140
18804, 78, 140
18805, 78, 140
18806, 78, 140
18807, 78, 140
18808, 78, 140
18809, 78, 140
18810, 78, 140
18811, 78, 140
18812, 78, 140
18813, 78, 140
18814, 78, 140
18815, 78, 140
18816, 78, 140
18817, 78, 140
18818, 78, 140
18819, 78, 140
18820, 78, 140
18821, 78, 140
18822, 78, 140
18823, 78, 140
18824, 78, 140
18825, 78, 140
18826, 78, 140
18827, 78, 140
18828, 78, 140
18829, 78, 140
18830, 78, 140
18831, 78, 140
18832, 78, 140
18833, 78, 140
18834, 78, 140
18835, 78, 140
18836, 78, 140
18837, 78, 140
18838, 78, 140
18839, 78, 140
18840, 78, 140
18841, 78, 140
18842, 78, 140
18843, 78, 140
18844, 78, 140
18845, 78, 140
18846, 78, 140
18847, 78, 140
18848, 78, 140
18849, 78, 140
18850, 78, 140
18851, 78, 140
18852, 78, 140
18853, 78, 140
18854, 78, 140
18855, 78, 140
18856, 78, 140
18857, 78, 140
18858, 78, 140
18859, 78, 140
18860, 78, 140
18861, 78, 140
18862, 78, 140
18863, 78, 140
18864, 78, 140
18865, 78, 140
18866, 78, 140
18867, 78, 140
18868, 78, 140
18869, 78, 140
18870, 78, 140
18871, 78, 140
18872, 78, 140
18873, 78, 140
18874, 78, 140
18875, 78, 140
18876, 78, 140
18877, 78, 140
18878, 78, 140
18879, 78, 140
18880, 78, 140
18881, 78, 140
18882, 78, 140
18883, 78, 140
18884, 78, 140
18885, 78, 140
18886, 78, 140
18887, 78, 140
18888, 78, 140
18889, 78, 140
18890, 78, 140
18891, 78, 140
18892, 78, 140
18893, 78, 140
18894, 78, 140
18895, 78, 140
18896, 78, 140
18897, 78, 140
18898, 78, 140
18899, 78, 140
18900, 78, 140
18901, 78, 140
18902, 78, 140
18903, 78, 140
18904, 78, 140
18905, 78, 140
18906, 78, 140
18907, 78, 140
18908, 78, 140
18909, 78, 140
18910, 78, 140
18911, 78, 140
18912, 78, 140
18913, 78, 140
18914, 78, 140
18915, 78, 140
18916, 78, 140
18917, 78, 140
18918, 78, 140
18919, 78, 140
18920, 78, 140
18921, 78, 140
18922, 78, 140
18923, 78, 140
18924, 78, 140
18925, 78, 140
18926, 78, 140
18927, 78, 140
18928, 78, 140
18929, 78, 140
18930, 78, 140
18931, 78, 140
18932, 78, 140
18933, 78, 140
18934, 78, 140
18935, 78, 140
18936, 78, 140
18937, 78, 140
18938, 78, 140
18939, 78, 140
18940, 78, 140
18941, 78, 140
18942, 78, 140
18943, 78, 140
18944, 78, 140
18945, 78, 140
18946, 78, 140
18947, 78, 140
18948, 78, 140
18949, 78, 140
18950, 78, 140
18951, 78, 140
18952, 78, 140
18953, 78, 140
18954, 78, 140
18955, 78, 140
18956, 78, 140
18957, 78, 140
18958, 78, 140
18959, 78, 140
18960, 78, 140
18961, 78, 140
18962, 78, 140
18963, 78, 140
18964, 78, 140
18965, 78, 140
18966, 78, 140
18967, 78, 140
18968, 78, 140
18969, 78, 140
18970, 78, 140
18971, 78, 140
18972, 78, 140
18973, 78, 140
18974, 78, 140
18975, 78, 140
18976, 78, 140
18977, 78, 140
18978, 78, 140
18979, 78, 140
18980, 78, 140
18981, 78, 140
18982, 78, 140
18983, 78, 140
18984, 78, 140
18985, 78, 140
18986, 78, 140
18987, 78, 140
18988, 78, 140
18989, 78, 140
18990, 78, 140
18991, 78, 140
18992, 78, 140
18993, 78, 140
18994, 78, 140
18995, 78, 140
18996, 78, 140
18997, 78, 140
18998, 78, 140
18999, 78, 140
19000, 78, 140
19001, 78, 140
19002, 78, 140
19003, 78, 140
19004, 78, 140
19005, 78, 140
19006, 78, 140
19007, 78, 140
19008, 78, 140
19009, 78, 140
19010, 78, 140
19011, 78, 140
19012, 78, 140
19013, 78, 140
19014, 78, 140
19015, 78, 140
19016, 78, 140
19017, 78, 140
19018, 78, 140
19019, 78, 140
19020, 78, 140
19021, 78, 140
19022, 78, 140
19023, 78, 140
19024, 78, 140
19025, 78, 140
19026, 78, 140
19027, 78, 140
19028, 78, 140
19029, 78, 140
19030, 78, 140
19031, 78, 140
19032, 78, 140
19033, 78, 140
19034, 78, 140
19035, 78, 140
19036, 78, 140
19037, 78, 140
19038, 78, 140
19039, 78, 140
19040, 78, 140
19041, 78, 140
19042, 78, 140
19043, 78, 140
19044, 78, 140
19045, 78, 140
19046, 78, 140
19047, 78, 140
19048, 78, 140
19049, 78, 140
19050, 78, 140
19051, 78, 140
19052, 78, 140
19053, 78, 140
19054, 78, 140
19055, 78, 140
19056, 78, 140
19057, 78, 140
19058, 78, 140
19059, 78, 140
19060, 78, 140
19061, 78, 140
19062, 78, 140
19063, 78, 140
19064, 78, 140
19065, 78, 140
19066, 78, 140
19067, 78, 140
19068, 78, 140
19069, 78, 140
19070, 78, 140
19071, 78, 140
19072, 78, 140
19073, 78, 140
19074, 78, 140
19075, 78, 140
19076, 78, 140
19077, 78, 140
19078, 78, 140
19079, 78, 140
19080, 78, 140
19081, 78, 140
19082, 78, 140
19083, 78, 140
19084, 78, 140
19085, 78, 140
19086, 78, 140
19087, 78, 140
19088, 78, 140
19089, 78, 140
19090, 78, 140
19091, 78, 140
19092, 78, 140
19093, 78, 140
19094, 78, 140
19095, 78, 140
19096, 78, 140
19097, 78, 140
19098, 78, 140
19099, 78, 140
19100, 78, 140
19101, 78, 140
19102, 78, 140
19103, 78, 140
19104, 78, 140
19105, 78, 140
19106, 78, 140
19107, 78, 140
19108, 78, 140
19109, 78, 140
19110, 78, 140
19111, 78, 140
19112, 78, 140
19113, 78, 140
19114, 78, 140
19115, 78, 140
19116, 78, 140
19117, 78, 140
19118, 78, 140
19119, 78, 140
19120, 78, 140
19121, 78, 140
19122, 78, 140
19123, 78, 140
19124, 78, 140
19125, 78, 140
19126, 78, 140
19127, 78, 140
19128, 78, 140
19129, 78, 140
19130, 78, 140
19131, 78, 140
19132, 78, 140
19133, 78, 140
19134, 78, 140
19135, 78, 140
19136, 78, 140
19137, 78, 140
19138, 78, 140
19139, 78, 140
19140, 78, 140
19141, 78, 140
19142, 78, 140
19143, 78, 140
19144, 78, 140
19145, 78, 140
19146, 78, 140
19147, 78, 140
19148, 78, 140
19149, 78, 140
19150, 78, 140
19151, 78, 140
19152, 78, 140
19153, 78, 140
19154, 78, 140
19155, 78, 140
19156, 78, 140
19157, 78, 140
19158, 78, 140
19159, 78, 140
19160, 78, 140
19161, 78, 140
19162, 78, 140
19163, 78, 140
19164, 78, 140
19165, 78, 140
19166, 78, 140
19167, 78, 140
19168, 78, 140
19169, 78, 140
19170, 78, 140
19171, 78, 140
19172, 78, 140
19173, 78, 140
19174, 78, 140
19175, 78, 140
19176, 78, 140
19177, 78, 140
19178, 78, 140
19179, 78, 140
19180, 78, 140
19181, 78, 140
19182, 78, 140
19183, 78, 140
19184, 78, 140
19185, 78, 140
19186, 78, 140
19187, 78, 140
19188, 78, 140
19189, 78, 140
19190, 78, 140
19191, 78, 140
19192, 78, 140
19193, 78, 140
19194, 78, 140
19195, 78, 140
19196, 78, 140
19197, 78, 140
19198, 78, 140
19199, 78, 140
19200, 78, 140
19201, 78, 140
19202, 78, 140
19203, 78, 140
19204, 78, 140
19205, 78, 140
19206, 78, 140
19207, 78, 140
19208, 78, 140
19209, 78, 140
19210, 78, 140
19211, 78, 140
19212, 78, 140
19213, 78, 140
19214, 78, 140
19215, 78, 140
19216, 78, 140
19217, 78, 140
19218, 78, 140
19219, 78, 140
19220, 78, 140
19221, 78, 140
19222, 78, 140
19223, 78, 140
19224, 78, 140
19225, 78, 140
19226, 78, 140
19227, 78, 140
19228, 78, 140
19229, 78, 140
19230, 78, 140
19231, 78, 140
19232, 78, 140
19233, 78, 140
19234, 78, 140
19235, 78, 140
19236, 78, 140
19237, 78, 140
19238, 78, 140
19239, 78, 140
19240, 78, 140
19241, 78, 140
19242, 78, 140
19243, 78, 140
19244, 78, 140
19245, 78, 140
19246, 78, 140
19247, 78, 140
19248, 78, 140
19249, 78, 140
19250, 78, 140
19251, 78, 140
19252, 78, 140
19253, 78, 140
19254, 78, 140
19255, 78, 140
19256, 78, 140
19257, 78, 140
19258, 78, 140
19259, 78, 140
19260, 78, 140
19261, 78, 140
19262, 78, 140
19263, 78, 140
19264, 78, 140
19265, 78, 140
19266, 78, 140
19267, 78, 140
19268, 78, 140
19269, 78, 140
19270, 78, 140
19271, 78, 140
19272, 78, 140
19273, 78, 140
19274, 78, 140
19275, 78, 140
19276, 78, 140
19277, 78, 140
19278, 78, 140
19279, 78, 140
19280, 78, 140
19281, 78, 140
19282, 78, 140
19283, 78, 140
19284, 78, 140
19285, 78, 140
19286, 78, 140
19287, 78, 140
19288, 78, 140
19289, 78, 140
19290, 78, 140
19291, 78, 140
19292, 78, 140
19293, 78, 140
19294, 78, 140
19295, 78, 140
19296, 78, 140
19297, 78, 140
19298, 78, 140
19299, 78, 140
19300, 78, 140
19301, 78, 140
19302, 78, 140
19303, 78, 140
19304, 78, 140
19305, 78, 140
19306, 78, 140
19307, 78, 140
19308, 78, 140
19309, 78, 140
19310, 78, 140
19311, 78, 140
19312, 78, 140
19313, 78, 140
19314, 78, 140
19315, 78, 140
19316, 78, 140
19317, 78, 140
19318, 78, 140
19319, 78, 140
19320, 78, 140
19321, 78, 140
19322, 78, 140
19323, 78, 140
19324, 78, 140
19325, 78, 140
19326, 78, 140
19327, 78, 140
19328, 78, 140
19329, 78, 140
19330, 78, 140
19331, 78, 140
19332, 78, 140
19333, 78, 140
19334, 78, 140
19335, 78, 140
19336, 78, 140
19337, 78, 140
19338, 78, 140
19339, 78, 140
19340, 78, 140
19341, 78, 140
19342, 78, 140
19343, 78, 140
19344, 78, 140
19345, 78, 140
19346, 78, 140
19347, 78, 140
19348, 78, 140
19349, 78, 140
19350, 78, 140
19351, 78, 140
19352, 78, 140
19353, 78, 140
19354, 78, 140
19355, 78, 140
19356, 78, 140
19357, 78, 140
19358, 78, 140
19359, 78, 140
19360, 78, 140
19361, 78, 140
19362, 78, 140
19363, 78, 140
19364, 78, 140
19365, 78, 140
19366, 78, 140
19367, 78, 140
19368, 78, 140
19369, 78, 140
19370, 78, 140
19371, 78, 140
19372, 78, 140
19373, 78, 140
19374, 78, 140
19375, 78, 140
19376, 78, 140
19377, 78, 140
19378, 78, 140
19379, 78, 140
19380, 78, 140
19381, 78, 140
19382, 78, 140
19383, 78, 140
19384, 78, 140
19385, 78, 140
19386, 78, 140
19387, 78, 140
19388, 78, 140
19389, 78, 140
19390, 78, 140
19391, 78, 140
19392, 78, 140
19393, 78, 140
19394, 78, 140
19395, 78, 140
19396, 78, 140
19397, 78, 140
19398, 78, 140
19399, 78, 140
19400, 78, 140
19401, 78, 140
19402, 78, 140
19403, 78, 140
19404, 78, 140
19405, 78, 140
19406, 78, 140
19407, 78, 140
19408, 78, 140
19409, 78, 140
19410, 78, 140
19411, 78, 140
19412, 78, 140
19413, 78, 140
19414, 78, 140
19415, 78, 140
19416, 78, 140
19417, 78, 140
19418, 78, 140
19419, 78, 140
19420, 78, 140
19421, 78, 140
19422, 78, 140
19423, 78, 140
19424, 78, 140
19425, 78, 140
19426, 78, 140
19427, 78, 140
19428, 78, 140
19429, 78, 140
19430, 78, 140
19431, 78, 140
19432, 78, 140
19433, 78, 140
19434, 78, 140
19435, 78, 140
19436, 78, 140
19437, 78, 140
19438, 78, 140
19439, 78, 140
19440, 78, 140
19441, 78, 140
19442, 78, 140
19443, 78, 140
19444, 78, 140
19445, 78, 140
19446, 78, 140
19447, 78, 140
19448, 78, 140
19449, 78, 140
19450, 78, 140
19451, 78, 140
19452, 78, 140
19453, 78, 140
19454, 78, 140
19455, 78, 140
19456, 78, 140
19457, 78, 140
19458, 78, 140
19459, 78, 140
19460, 78, 140
19461, 78, 140
19462, 78, 140
19463, 78, 140
19464, 78, 140
19465, 78, 140
19466, 78, 140
19467, 78, 140
19468, 78, 140
19469, 78, 140
19470, 78, 140
19471, 78, 140
19472, 78, 140
19473, 78, 140
19474, 78, 140
19475, 78, 140
19476, 78, 140
19477, 78, 140
19478, 78, 140
19479, 78, 140
19480, 78, 140
19481, 78, 140
19482, 78, 140
19483, 78, 140
19484, 78, 140
19485, 78, 140
19486, 78, 140
19487, 78, 140
19488, 78, 140
19489, 78, 140
19490, 78, 140
19491, 78, 140
19492, 78, 140
19493, 78, 140
19494, 78, 140
19495, 78, 140
19496, 78, 140
19497, 78, 140
19498, 78, 140
19499, 78, 140
19500, 78, 140
19501, 78, 140
19502, 78, 140
19503, 78, 140
19504, 78, 140
19505, 78, 140
19506, 78, 140
19507, 78, 140
19508, 78, 140
19509, 78, 140
19510, 78, 140
19511, 78, 140
19512, 78, 140
19513, 78, 140
19514, 78, 140
19515, 78, 140
19516, 78, 140
19517, 78, 140
19518, 78, 140
19519, 78, 140
19520, 78, 140
19521, 78, 140
19522, 78, 140
19523, 78, 140
19524, 78, 140
19525, 78, 140
19526, 78, 140
19527, 78, 140
19528, 78, 140
19529, 78, 140
19530, 78, 140
19531, 78, 140
19532, 78, 140
19533, 78, 140
19534, 78, 140
19535, 78, 140
19536, 78, 140
19537, 78, 140
19538, 78, 140
19539, 78, 140
19540, 78, 140
19541, 78, 140
19542, 78, 140
19543, 78, 140
19544, 78, 140
19545, 78, 140
19546, 78, 140
19547, 78, 140
19548, 78, 140
19549, 78, 140
19550, 78, 140
19551, 78, 140
19552, 78, 140
19553, 78, 140
19554, 78, 140
19555, 78, 140
19556, 78, 140
19557, 78, 140
19558, 78, 140
19559, 78, 140
19560, 78, 140
19561, 78, 140
19562, 78, 140
19563, 78, 140
19564, 78, 140
19565, 78, 140
19566, 78, 140
19567, 78, 140
19568, 78, 140
19569, 78, 140
19570, 78, 140
19571, 78, 140
19572, 78, 140
19573, 78, 140
19574, 78, 140
19575, 78, 140
19576, 78, 140
19577, 78, 140
19578, 78, 140
19579, 78, 140
19580, 78, 140
19581, 78, 140
19582, 78, 140
19583, 78, 140
19584, 78, 140
19585, 78, 140
19586, 78, 140
19587, 78, 140
19588, 78, 140
19589, 78, 140
19590, 78, 140
19591, 78, 140
19592, 78, 140
19593, 78, 140
19594, 78, 140
19595, 78, 140
19596, 78, 140
19597, 78, 140
19598, 78, 140
19599, 78, 140
19600, 78, 140
19601, 78, 140
19602, 78, 140
19603, 78, 140
19604, 78, 140
19605, 78, 140
19606, 78, 140
19607, 78, 140
19608, 78, 140
19609, 78, 140
19610, 78, 140
19611, 78, 140
19612, 78, 140
19613, 78, 140
19614, 78, 140
19615, 78, 140
19616, 78, 140
19617, 78, 140
19618, 78, 140
19619, 78, 140
19620, 78, 140
19621, 78, 140
19622, 78, 140
19623, 78, 140
19624, 78, 140
19625, 78, 140
19626, 78, 140
19627, 78, 140
19628, 78, 140
19629, 78, 140
19630, 78, 140
19631, 78, 140
19632, 78, 140
19633, 78, 140
19634, 78, 140
19635, 78, 140
19636, 78, 140
19637, 78, 140
19638, 78, 140
19639, 78, 140
19640, 78, 140
19641, 78, 140
19642, 78, 140
19643, 78, 140
19644, 78, 140
19645, 78, 140
19646, 78, 140
19647, 78, 140
19648, 78, 140
19649, 78, 140
19650, 78, 140
19651, 78, 140
19652, 78, 140
19653, 78, 140
19654, 78, 140
19655, 78, 140
19656, 78, 140
19657, 78, 140
19658, 78, 140
19659, 78, 140
19660, 78, 140
19661, 78, 140
19662, 78, 140
19663, 78, 140
19664, 78, 140
19665, 78, 140
19666, 78, 140
19667, 78, 140
19668, 78, 140
19669, 78, 140
19670, 78, 140
19671, 78, 140
19672, 78, 140
19673, 78, 140
19674, 78, 140
19675, 78, 140
19676, 78, 140
19677, 78, 140
19678, 78, 140
19679, 78, 140
19680, 78, 140
19681, 78, 140
19682, 78, 140
19683, 78, 140
19684, 78, 140
19685, 78, 140
19686, 78, 140
19687, 78, 140
19688, 78, 140
19689, 78, 140
19690, 78, 140
19691, 78, 140
19692, 78, 140
19693, 78, 140
19694, 78, 140
19695, 78, 140
19696, 78, 140
19697, 78, 140
19698, 78, 140
19699, 78, 140
19700, 78, 140
19701, 78, 140
19702, 78, 140
19703, 78, 140
19704, 78, 140
19705, 78, 140
19706, 78, 140
19707, 78, 140
19708, 78, 140
19709, 78, 140
19710, 78, 140
19711, 78, 140
19712, 78, 140
19713, 78, 140
19714, 78, 140
19715, 78, 140
19716, 78, 140
19717, 78, 140
19718, 78, 140
19719, 78, 140
19720, 78, 140
19721, 78, 140
19722, 78, 140
19723, 78, 140
19724, 78, 140
19725, 78, 140
19726, 78, 140
19727, 78, 140
19728, 78, 140
19729, 78, 140
19730, 78, 140
19731, 78, 140
19732, 78, 140
19733, 78, 140
19734, 78, 140
19735, 78, 140
19736, 78, 140
19737, 78, 140
19738, 78, 140
19739, 78, 140
19740, 78, 140
19741, 78, 140
19742, 78, 140
19743, 78, 140
19744, 78, 140
19745, 78, 140
19746, 78, 140
19747, 78, 140
19748, 78, 140
19749, 78, 140
19750, 78, 140
19751, 78, 140
19752, 78, 140
19753, 78, 140
19754, 78, 140
19755, 78, 140
19756, 78, 140
19757, 78, 140
19758, 78, 140
19759, 78, 140
19760, 78, 140
19761, 78, 140
19762, 78, 140
19763, 78, 140
19764, 78, 140
19765, 78, 140
19766, 78, 140
19767, 78, 140
19768, 78, 140
19769, 78, 140
19770, 78, 140
19771, 78, 140
19772, 78, 140
19773, 78, 140
19774, 78, 140
19775, 78, 140
19776, 78, 140
19777, 78, 140
19778, 78, 140
19779, 78, 140
19780, 78, 140
19781, 78, 140
19782, 78, 140
19783, 78, 140
19784, 78, 140
19785, 78, 140
19786, 78, 140
19787, 78, 140
19788, 78, 140
19789, 78, 140
19790, 78, 140
19791, 78, 140
19792, 78, 140
19793, 78, 140
19794, 78, 140
19795, 78, 140
19796, 78, 140
19797, 78, 140
19798, 78, 140
19799, 78, 140
19800, 78, 140
19801, 78, 140
19802, 78, 140
19803, 78, 140
19804, 78, 140
19805, 78, 140
19806, 78, 140
19807, 78, 140
19808, 78, 140
19809, 78, 140
19810, 78, 140
19811, 78, 140
19812, 78, 140
19813, 78, 140
19814, 78, 140
19815, 78, 140
19816, 78, 140
19817, 78, 140
19818, 78, 140
19819, 78, 140
19820, 78, 140
19821, 78, 140
19822, 78, 140
19823, 78, 140
19824, 78, 140
19825, 78, 140
19826, 78, 140
19827, 78, 140
19828, 78, 140
19829, 78, 140
19830, 78, 140
19831, 78, 140
19832, 78, 140
19833, 78, 140
19834, 78, 140
19835, 78, 140
19836, 78, 140
19837, 78, 140
19838, 78, 140
19839, 78, 140
19840, 78, 140
19841, 78, 140
19842, 78, 140
19843, 78, 140
19844, 78, 140
19845, 78, 140
19846, 78, 140
19847, 78, 140
19848, 78, 140
19849, 78, 140
19850, 78, 140
19851, 78, 140
19852, 78, 140
19853, 78, 140
19854, 78, 140
19855, 78, 140
19856, 78, 140
19857, 78, 140
19858, 78, 140
19859, 78, 140
19860, 78, 140
19861, 78, 140
19862, 78, 140
19863, 78, 140
19864, 78, 140
19865, 78, 140
19866, 78, 140
19867, 78, 140
19868, 78, 140
19869, 78, 140
19870, 78, 140
19871, 78, 140
19872, 78, 140
19873, 78, 140
19874, 78, 140
19875, 78, 140
19876, 78, 140
19877, 78, 140
19878, 78, 140
19879, 78, 140
19880, 78, 140
19881, 78, 140
19882, 78, 140
19883, 78, 140
19884, 78, 140
19885, 78, 140
19886, 78, 140
19887, 78, 140
19888, 78, 140
19889, 78, 140
19890, 78, 140
19891, 78, 140
19892, 78, 140
19893, 78, 140
19894, 78, 140
19895, 78, 140
19896, 78, 140
19897, 78, 140
19898, 78, 140
19899, 78, 140
19900, 78, 140
19901, 78, 140
19902, 78, 140
19903, 78, 140
19904, 78, 140
19905, 78, 140
19906, 78, 140
19907, 78, 140
19908, 78, 140
19909, 78, 140
19910, 78, 140
19911, 78, 140
19912, 78, 140
19913, 78, 140
19914, 78, 140
19915, 78, 140
19916, 78, 140
19917, 78, 140
19918, 78, 140
19919, 78, 140
19920, 78, 140
19921, 78, 140
19922, 78, 140
19923, 78, 140
19924, 78, 140
19925, 78, 140
19926, 78, 140
19927, 78, 140
19928, 78, 140
19929, 78, 140
19930, 78, 140
19931, 78, 140
19932, 78, 140
19933, 78, 140
19934, 78, 140
19935, 78, 140
19936, 78, 140
19937, 78, 140
19938, 78, 140
19939, 78, 140
19940, 78, 140
19941, 78, 140
19942, 78, 140
19943, 78, 140
19944, 78, 140
19945, 78, 140
19946, 78, 140
19947, 78, 140
19948, 78, 140
19949, 78, 140
19950, 78, 140
19951, 78, 140
19952, 78, 140
19953, 78, 140
19954, 78, 140
19955, 78, 140
19956, 78, 140
19957, 78, 140
19958, 78, 140
19959, 78, 140
19960, 78, 140
19961, 78, 140
19962, 78, 140
19963, 78, 140
19964, 78, 140
19965, 78, 140
19966, 78, 140
19967, 78, 140
19968, 78, 140
19969, 78, 140
19970, 78, 140
19971, 78, 140
19972, 78, 140
19973, 78, 140
19974, 78, 140
19975, 78, 140
19976, 78, 140
19977, 78, 140
19978, 78, 140
19979, 78, 140
19980, 78, 140
19981, 78, 140
19982, 78, 140
19983, 78, 140
19984, 78, 140
19985, 78, 140
19986, 78, 140
19987, 78, 140
19988, 78, 140
19989, 78, 140
19990, 78, 140
19991, 78, 140
19992, 78, 140
19993, 78, 140
19994, 78, 140
19995, 78, 140
19996, 78, 140
19997, 78, 140
19998, 78, 140
19999, 78, 140
